CTD_data_day1/sbe55_sbe19p_5262_20260529_re3.cnv
* Sea-Bird SBE 19plus Data File:
* FileName = C:\Data\sbe55_sbe19p_5262\2026-05-29\sbe55_sbe19p_5262_20260529_re3067.hex
* Software Version SeatermAF 2.1.4
* Temperature SN = 5262
* Conductivity SN = 5262
* System UpLoad Time = May 29 2026 10:47:36 (localtime) = May 29 2026 10:47:36 (UTC)
* ds
* SeacatPlus V 1.6b  SERIAL NO. 5262    29 May 2026  10:47:06
# nquan = 15                                
# nvalues = 1427                        
# units = specified
# name 0 = scan: Scan Count
# name 1 = timeJ: Julian Days
# name 2 = prdM: Pressure, Strain Gauge [db]
# name 3 = tv290C: Temperature [ITS-90, deg C]
# name 4 = c0mS/cm: Conductivity [mS/cm]
# name 5 = wetStar: Fluorescence, WET Labs WETstar [mg/m^3]
# name 6 = par: PAR/Irradiance, Biospherical/Licor [umol photons/m^2/sec]
# name 7 = sbeox0V: Oxygen raw, SBE 43 [V]
# name 8 = sbeox0Mm/L: Oxygen, SBE 43 [umol/l], WS = 2
# name 9 = sbeox0PS: Oxygen, SBE 43 [% saturation], WS = 2
# name 10 = depSM: Depth [salt water, m], lat = 56
# name 11 = sal00: Salinity, Practical [PSU]
# name 12 = sigma-é00: Density [sigma-theta, kg/m^3]
# name 13 = svCM: Sound Velocity [Chen-Millero, m/s]
# name 14 = flag: flag
# span 0 =        301,       1727       
# span 1 = 149.439988, 149.444115       
# span 2 =     -0.130,     93.268       
# span 3 =     9.1172,    13.1134       
# span 4 =   3.244967,  31.077698       
# span 5 =     0.0780,     8.9321       
# span 6 = 1.0000e-12, 2.0680e+02       
# span 7 =     1.1317,     2.2087       
# span 8 =     86.279,    240.616       
# span 9 =     29.912,     81.903       
# span 10 =     -0.129,     92.398      
# span 11 =     2.2685,    26.8804      
# span 12 =     1.1804,    20.4101      
# span 13 =    1460.39,    1486.34      
# span 14 = 0.0000e+00, 0.0000e+00      
# interval = seconds: 0.25
# start_time = May 29 2026 10:32:20 [Instrument's time stamp, header]
# bad_flag = -9.990e-29
*END*
[from data line 290]
        591 149.440828     36.805    10.0746  28.979746     0.2489 1.0000e-12     1.8210    188.354     63.064     36.467    25.7873    19.7589    1479.52 0.0000e+00
        592 149.440830     36.953    10.0737  28.987697     0.2477 1.0000e-12     1.8192    188.554     63.133     36.613    25.7957    19.7655    1479.53 0.0000e+00
        593 149.440833     37.100    10.0760  28.996685     0.2436 1.0000e-12     1.8191    189.074     63.313     36.759    25.8028    19.7707    1479.55 0.0000e+00
        594 149.440836     37.247    10.0807  29.004907     0.2456 1.0000e-12     1.8192    189.521     63.471     36.905    25.8075    19.7737    1479.58 0.0000e+00
        595 149.440839     37.394    10.0862  29.011186     0.2407 1.0000e-12     1.8198    189.900     63.607     37.050    25.8097    19.7745    1479.60 0.0000e+00
        596 149.440842     37.541    10.0911  29.015874     0.2366 1.0000e-12     1.8205    190.130     63.691     37.196    25.8107    19.7746    1479.62 0.0000e+00
        597 149.440845     37.688    10.0949  29.020078     0.2390 1.0000e-12     1.8215    190.167     63.710     37.342    25.8121    19.7751    1479.64 0.0000e+00
        598 149.440848     37.836    10.0979  29.024154     0.2489 1.0000e-12     1.8223    189.967     63.648     37.488    25.8139    19.7761    1479.66 0.0000e+00
        599 149.440851     37.983    10.1006  29.028245     0.2498 1.0000e-12     1.8221    189.517     63.501     37.634    25.8159    19.7772    1479.67 0.0000e+00
        600 149.440854     38.131    10.1035  29.032923     0.2477 2.9513e-05     1.8215    188.875     63.292     37.781    25.8184    19.7787    1479.69 0.0000e+00
        601 149.440856     38.279    10.1067  29.038535     0.2551 4.4503e-05     1.8213    188.464     63.159     37.927    25.8216    19.7807    1479.71 0.0000e+00
        602 149.440859     38.427    10.1105  29.044461     0.2526 1.0000e-12     1.8197    187.872     62.967     38.074    25.8246    19.7825    1479.73 0.0000e+00
        603 149.440862     38.573    10.1147  29.049589     0.2481 1.0000e-12     1.8186    187.406     62.818     38.218    25.8266    19.7834    1479.75 0.0000e+00
        604 149.440865     38.718    10.1187  29.053256     0.2390 1.0000e-12     1.8163    186.850     62.637     38.362    25.8273    19.7833    1479.76 0.0000e+00
        605 149.440868     38.862    10.1216  29.054954     0.2395 1.0000e-12     1.8164    186.788     62.621     38.505    25.8268    19.7826    1479.78 0.0000e+00
        606 149.440871     39.006    10.1229  29.054561     0.2349 1.0000e-12     1.8144    186.538     62.538     38.647    25.8255    19.7813    1479.78 0.0000e+00
        607 149.440874     39.150    10.1223  29.053104     0.2353 1.0000e-12     1.8122    186.306     62.459     38.790    25.8244    19.7806    1479.78 0.0000e+00
        608 149.440877     39.295    10.1202  29.052170     0.2349 2.9513e-05     1.8108    186.310     62.458     38.934    25.8250    19.7813    1479.78 0.0000e+00
        609 149.440880     39.441    10.1176  29.052615     0.2390 1.4525e-05     1.8102    186.321     62.459     39.078    25.8272    19.7834    1479.77 0.0000e+00
        610 149.440883     39.589    10.1156  29.054154     0.2448 1.0000e-12     1.8088    186.456     62.502     39.225    25.8301    19.7860    1479.77 0.0000e+00
        611 149.440885     39.737    10.1147  29.056032     0.2370 1.0000e-12     1.8081    186.658     62.570     39.372    25.8325    19.7880    1479.77 0.0000e+00
        612 149.440888     39.884    10.1146  29.057877     0.2634 1.0000e-12     1.8078    186.801     62.618     39.517    25.8343    19.7895    1479.78 0.0000e+00
        613 149.440891     40.031    10.1150  29.059847     0.2510 1.0000e-12     1.8068    186.711     62.589     39.663    25.8359    19.7906    1479.78 0.0000e+00
        614 149.440894     40.175    10.1158  29.062229     0.2514 1.0000e-12     1.8069    186.860     62.641     39.806    25.8376    19.7919    1479.79 0.0000e+00
        615 149.440897     40.319    10.1170  29.065166     0.2432 1.0000e-12     1.8067    186.892     62.654     39.948    25.8396    19.7932    1479.80 0.0000e+00
        616 149.440900     40.463    10.1185  29.068616     0.2403 1.0000e-12     1.8063    186.877     62.652     40.091    25.8419    19.7947    1479.81 0.0000e+00
        617 149.440903     40.607    10.1203  29.072502     0.2481 1.0000e-12     1.8052    186.768     62.619     40.234    25.8444    19.7964    1479.82 0.0000e+00
        618 149.440906     40.753    10.1224  29.076671     0.2415 1.0000e-12     1.8054    186.727     62.609     40.378    25.8469    19.7981    1479.84 0.0000e+00
        619 149.440909     40.900    10.1244  29.080820     0.2374 1.0000e-12     1.8052    186.577     62.563     40.524    25.8495    19.7998    1479.85 0.0000e+00
        620 149.440911     41.049    10.1264  29.084600     0.2403 1.4525e-05     1.8050    186.498     62.540     40.671    25.8517    19.8012    1479.86 0.0000e+00
        621 149.440914     41.199    10.1282  29.087720     0.2469 1.0000e-12     1.8047    186.376     62.502     40.820    25.8534    19.8023    1479.87 0.0000e+00
        622 149.440917     41.347    10.1297  29.090220     0.2461 1.0000e-12     1.8039    186.081     62.406     40.967    25.8548    19.8031    1479.88 0.0000e+00
        623 149.440920     41.493    10.1308  29.092360     0.2444 1.4525e-05     1.8025    185.701     62.280     41.111    25.8560    19.8039    1479.89 0.0000e+00
        624 149.440923     41.637    10.1316  29.094311     0.2428 1.0000e-12     1.8024    185.577     62.240     41.254    25.8573    19.8048    1479.90 0.0000e+00
        625 149.440926     41.780    10.1322  29.095937     0.2493 1.0000e-12     1.8015    185.365     62.171     41.396    25.8584    19.8056    1479.90 0.0000e+00
        626 149.440929     41.923    10.1325  29.096956     0.2485 1.0000e-12     1.8006    185.240     62.129     41.537    25.8592    19.8061    1479.91 0.0000e+00
        627 149.440932     42.068    10.1325  29.097296     0.2428 1.4525e-05     1.7992    185.085     62.078     41.681    25.8594    19.8063    1479.91 0.0000e+00
        628 149.440935     42.215    10.1321  29.097021     0.2395 5.9496e-05     1.7986    185.071     62.072     41.827    25.8594    19.8063    1479.91 0.0000e+00
        629 149.440937     42.364    10.1313  29.096312     0.2456 1.0000e-12     1.7975    184.899     62.013     41.974    25.8592    19.8063    1479.91 0.0000e+00
        630 149.440940     42.512    10.1301  29.095449     0.2395 4.4503e-05     1.7969    184.841     61.992     42.121    25.8592    19.8065    1479.91 0.0000e+00
        631 149.440943     42.658    10.1288  29.094638     0.2428 1.0000e-12     1.7964    184.716     61.949     42.265    25.8593    19.8067    1479.90 0.0000e+00
        632 149.440946     42.803    10.1274  29.093993     0.2423 1.0000e-12     1.7965    184.613     61.912     42.409    25.8596    19.8072    1479.90 0.0000e+00
        633 149.440949     42.946    10.1262  29.093681     0.2423 1.0000e-12     1.7942    184.217     61.778     42.551    25.8601    19.8078    1479.90 0.0000e+00
        634 149.440952     43.089    10.1253  29.093874     0.2522 1.0000e-12     1.7937    184.141     61.752     42.692    25.8609    19.8085    1479.90 0.0000e+00
        635 149.440955     43.234    10.1247  29.094751     0.2551 1.0000e-12     1.7920    183.972     61.695     42.836    25.8621    19.8096    1479.90 0.0000e+00
        636 149.440958     43.379    10.1246  29.096403     0.2477 1.4525e-05     1.7909    183.956     61.690     42.980    25.8637    19.8109    1479.91 0.0000e+00
        637 149.440961     43.525    10.1250  29.098667     0.2514 1.4525e-05     1.7902    184.236     61.785     43.124    25.8656    19.8123    1479.91 0.0000e+00
        638 149.440964     43.672    10.1260  29.101225     0.2481 1.0000e-12     1.7901    184.507     61.878     43.270    25.8673    19.8135    1479.92 0.0000e+00
        639 149.440966     43.818    10.1271  29.103749     0.2469 1.0000e-12     1.7899    184.782     61.972     43.415    25.8690    19.8146    1479.93 0.0000e+00
        640 149.440969     43.965    10.1283  29.106104     0.2419 1.0000e-12     1.7895    184.868     62.003     43.560    25.8704    19.8155    1479.94 0.0000e+00
        641 149.440972     44.111    10.1291  29.108565     0.2390 1.0000e-12     1.7902    184.968     62.039     43.705    25.8722    19.8168    1479.95 0.0000e+00
        642 149.440975     44.256    10.1297  29.111888     0.2432 1.0000e-12     1.7905    184.955     62.036     43.849    25.8750    19.8188    1479.95 0.0000e+00
        643 149.440978     44.400    10.1307  29.116674     0.2390 1.0000e-12     1.7904    184.958     62.040     43.991    25.8789    19.8217    1479.96 0.0000e+00
        644 149.440981     44.544    10.1326  29.122730     0.2395 1.0000e-12     1.7900    184.801     61.992     44.134    25.8834    19.8250    1479.98 0.0000e+00
        645 149.440984     44.688    10.1356  29.129097     0.2386 1.0000e-12     1.7893    184.666     61.952     44.277    25.8875    19.8277    1480.00 0.0000e+00
        646 149.440987     44.831    10.1394  29.134555     0.2320 1.0000e-12     1.7892    184.708     61.973     44.418    25.8900    19.8291    1480.02 0.0000e+00
        647 149.440990     44.976    10.1432  29.138258     0.2366 1.0000e-12     1.7899    185.018     62.082     44.562    25.8909    19.8292    1480.03 0.0000e+00
        648 149.440992     45.122    10.1461  29.140252     0.2386 2.9513e-05     1.7889    185.262     62.168     44.707    25.8907    19.8286    1480.05 0.0000e+00
        649 149.440995     45.270    10.1477  29.141398     0.2366 1.0000e-12     1.7899    186.002     62.418     44.853    25.8907    19.8283    1480.06 0.0000e+00
        650 149.440998     45.417    10.1483  29.142605     0.2362 1.0000e-12     1.7901    186.628     62.630     44.999    25.8914    19.8288    1480.06 0.0000e+00
        651 149.441001     45.563    10.1483  29.144451     0.2362 1.0000e-12     1.7913    187.310     62.859     45.143    25.8931    19.8302    1480.07 0.0000e+00
        652 149.441004     45.707    10.1485  29.147319     0.2403 1.0000e-12     1.7935    188.106     63.128     45.286    25.8957    19.8322    1480.07 0.0000e+00
        653 149.441007     45.850    10.1492  29.151126     0.2411 1.0000e-12     1.7969    188.809     63.366     45.428    25.8989    19.8345    1480.08 0.0000e+00
        654 149.441010     45.991    10.1508  29.155636     0.2382 1.0000e-12     1.7995    189.176     63.493     45.567    25.9022    19.8368    1480.09 0.0000e+00
        655 149.441013     46.131    10.1530  29.160908     0.2407 1.0000e-12     1.8012    189.198     63.505     45.706    25.9057    19.8392    1480.11 0.0000e+00
        656 149.441016     46.272    10.1559  29.167264     0.2407 1.0000e-12     1.8030    189.027     63.453     45.846    25.9098    19.8420    1480.12 0.0000e+00
        657 149.441019     46.413    10.1596  29.174923     0.2316 1.0000e-12     1.8047    188.713     63.355     45.985    25.9146    19.8452    1480.15 0.0000e+00
        658 149.441021     46.556    10.1644  29.183390     0.2337 1.0000e-12     1.8051    188.212     63.195     46.127    25.9194    19.8482    1480.17 0.0000e+00
        659 149.441024     46.700    10.1701  29.191431     0.2287 1.0000e-12     1.8064    187.732     63.043     46.270    25.9232    19.8502    1480.20 0.0000e+00
        660 149.441027     46.845    10.1762  29.197622     0.2296 1.0000e-12     1.8068    186.956     62.792     46.413    25.9248    19.8506    1480.23 0.0000e+00
        661 149.441030     46.989    10.1814  29.201163     0.2395 1.0000e-12     1.8066    185.959     62.464     46.556    25.9245    19.8496    1480.25 0.0000e+00
        662 149.441033     47.133    10.1851  29.202792     0.2296 1.0000e-12     1.8057    184.803     62.080     46.699    25.9234    19.8481    1480.26 0.0000e+00
        663 149.441036     47.275    10.1869  29.204071     0.2308 1.0000e-12     1.8035    183.473     61.636     46.839    25.9234    19.8478    1480.27 0.0000e+00
        664 149.441039     47.417    10.1875  29.205952     0.2287 1.0000e-12     1.8006    182.185     61.205     46.980    25.9247    19.8488    1480.28 0.0000e+00
        665 149.441042     47.557    10.1879  29.208634     0.2382 1.0000e-12     1.7967    180.934     60.786     47.119    25.9270    19.8505    1480.28 0.0000e+00
        666 149.441045     47.698    10.1885  29.212079     0.2341 1.0000e-12     1.7923    180.009     60.477     47.258    25.9299    19.8527    1480.29 0.0000e+00
        667 149.441047     47.840    10.1893  29.216202     0.2403 1.0000e-12     1.7888    179.577     60.334     47.399    25.9333    19.8552    1480.30 0.0000e+00
        668 149.441050     47.983    10.1902  29.220119     0.2390 1.0000e-12     1.7846    179.372     60.268     47.541    25.9365    19.8575    1480.31 0.0000e+00
        669 149.441053     48.127    10.1910  29.222273     0.2325 1.0000e-12     1.7806    179.502     60.313     47.683    25.9380    19.8585    1480.32 0.0000e+00
        670 149.441056     48.272    10.1909  29.222401     0.2411 1.0000e-12     1.7786    180.069     60.504     47.827    25.9381    19.8587    1480.32 0.0000e+00
        671 149.441059     48.417    10.1897  29.221784     0.2432 1.0000e-12     1.7766    180.797     60.747     47.971    25.9383    19.8590    1480.32 0.0000e+00
        672 149.441062     48.563    10.1876  29.221545     0.2390 1.0000e-12     1.7756    181.845     61.096     48.115    25.9395    19.8603    1480.31 0.0000e+00
        673 149.441065     48.707    10.1854  29.222286     0.2432 1.0000e-12     1.7755    183.046     61.498     48.258    25.9418    19.8624    1480.31 0.0000e+00
        674 149.441068     48.849    10.1837  29.224715     0.2493 1.0000e-12     1.7756    184.154     61.869     48.399    25.9453    19.8654    1480.31 0.0000e+00
        675 149.441071     48.990    10.1832  29.229232     0.2547 1.0000e-12     1.7775    185.282     62.249     48.538    25.9500    19.8691    1480.32 0.0000e+00
        676 149.441073     49.130    10.1842  29.235205     0.2514 1.0000e-12     1.7800    186.116     62.533     48.677    25.9551    19.8729    1480.33 0.0000e+00
        677 149.441076     49.271    10.1866  29.241797     0.2465 1.0000e-12     1.7833    186.428     62.643     48.817    25.9598    19.8762    1480.35 0.0000e+00
        678 149.441079     49.413    10.1900  29.248621     0.2518 1.0000e-12     1.7867    186.199     62.572     48.957    25.9640    19.8790    1480.37 0.0000e+00
        679 149.441082     49.559    10.1939  29.255297     0.2440 1.0000e-12     1.7882    184.792     62.106     49.102    25.9677    19.8813    1480.39 0.0000e+00
        680 149.441085     49.705    10.1981  29.261859     0.2386 1.0000e-12     1.7891    182.772     61.434     49.247    25.9711    19.8832    1480.41 0.0000e+00
        681 149.441088     49.853    10.2026  29.268946     0.2337 1.0000e-12     1.7867    179.941     60.490     49.393    25.9747    19.8854    1480.43 0.0000e+00
        682 149.441091     49.998    10.2073  29.277037     0.2382 1.0000e-12     1.7837    177.009     59.513     49.537    25.9792    19.8882    1480.46 0.0000e+00
        683 149.441094     50.142    10.2126  29.286242     0.2390 1.0000e-12     1.7760    173.827     58.452     49.680    25.9844    19.8914    1480.49 0.0000e+00
        684 149.441097     50.284    10.2182  29.295807     0.2407 1.0000e-12     1.7681    171.135     57.555     49.820    25.9897    19.8947    1480.52 0.0000e+00
        685 149.441100     50.426    10.2237  29.304076     0.2337 1.0000e-12     1.7591    169.468     57.003     49.961    25.9938    19.8970    1480.54 0.0000e+00
