CTD_data_day1/sbe55_sbe19p_5262_20260529_re5_1m.cnv
* Sea-Bird SBE 19plus Data File:
* FileName = C:\Data\sbe55_sbe19p_5262\2026-05-29\sbe55_sbe19p_5262_20260529_re5064.hex
* Software Version SeatermAF 2.1.4
* Temperature SN = 5262
* Conductivity SN = 5262
* System UpLoad Time = May 29 2026 08:08:10 (localtime) = May 29 2026 08:08:10 (UTC)
* ds
* SeacatPlus V 1.6b  SERIAL NO. 5262    29 May 2026  08:07:38
# nquan = 15
# nvalues = 281                         
# units = specified
# name 0 = scan: Scan Count
# name 1 = timeJ: Julian Days
# name 2 = prdM: Pressure, Strain Gauge [db]
# name 3 = tv290C: Temperature [ITS-90, deg C]
# name 4 = c0mS/cm: Conductivity [mS/cm]
# name 5 = wetStar: Fluorescence, WET Labs WETstar [mg/m^3]
# name 6 = par: PAR/Irradiance, Biospherical/Licor [umol photons/m^2/sec]
# name 7 = sbeox0V: Oxygen raw, SBE 43 [V]
# name 8 = sbeox0Mm/L: Oxygen, SBE 43 [umol/l], WS = 2
# name 9 = sbeox0PS: Oxygen, SBE 43 [% saturation], WS = 2
# name 10 = depSM: Depth [salt water, m], lat = 56
# name 11 = sal00: Salinity, Practical [PSU]
# name 12 = sigma-é00: Density [sigma-theta, kg/m^3]
# name 13 = svCM: Sound Velocity [Chen-Millero, m/s]
# name 14 = flag: flag
# span 0 =        394,       2656       
# span 1 = 149.326335, 149.332880       
# span 2 =      1.000,    141.000       
# span 3 =     9.6347,    11.5185       
# span 4 =  27.500464,  31.321754       
# span 5 =     0.2266,     1.8285       
# span 6 = -2.948e-08, 1.4396e+02       
# span 7 =     1.0787,     2.0875       
# span 8 =     79.005,    225.405       
# span 9 =     27.506,     75.992       
# span 10 =      0.991,    139.669      
# span 11 =    23.6106,    26.9753      
# span 12 =    17.8888,    20.4515      
# span 13 =    1476.21,    1487.88      
# span 14 = 0.0000e+00, 0.0000e+00      
# interval = decibars: 1                
# start_time = May 29 2026 07:48:17 [Instrument's time stamp, header]
# bad_flag = -9.990e-29
*END*
[from data line 193]
       1947 149.330827     88.000    11.4104  31.150259     0.3009 1.0000e-12     1.1279     86.428     30.008     87.181    26.9091    20.4173    1486.54 0.0000e+00
       1954 149.330849     87.000    11.3994  31.134884     0.3024 1.0000e-12     1.1323     87.106     30.235     86.190    26.9028    20.4143    1486.48 0.0000e+00
       1962 149.330870     86.000    11.3882  31.118044     0.2980 1.0000e-12     1.1363     87.569     30.387     85.200    26.8951    20.4103    1486.41 0.0000e+00
       1969 149.330892     85.000    11.3742  31.097698     0.2964 1.0000e-12     1.1396     87.899     30.491     84.209    26.8862    20.4057    1486.34 0.0000e+00
       1977 149.330914     84.000    11.3601  31.077215     0.2978 1.0000e-12     1.1422     88.329     30.629     83.219    26.8773    20.4011    1486.26 0.0000e+00
       1985 149.330937     83.000    11.3394  31.044360     0.2943 1.0000e-12     1.1458     88.925     30.819     82.228    26.8612    20.3921    1486.15 0.0000e+00
       1993 149.330960     82.000    11.3174  31.015633     0.2925 1.0000e-12     1.1495     89.470     30.991     81.238    26.8501    20.3871    1486.04 0.0000e+00
       2001 149.330983     81.000    11.2976  30.988685     0.2959 1.0000e-12     1.1524     89.857     31.109     80.247    26.8391    20.3819    1485.94 0.0000e+00
       2009 149.331007     80.000    11.2825  30.967563     0.2929 1.0000e-12     1.1555     90.276     31.242     79.257    26.8301    20.3774    1485.86 0.0000e+00
       2017 149.331030     79.000    11.2689  30.948298     0.2938 1.0000e-12     1.1579     90.680     31.371     78.266    26.8219    20.3733    1485.79 0.0000e+00
       2025 149.331054     78.000    11.2533  30.922497     0.2909 1.0000e-12     1.1624     91.817     31.751     77.276    26.8088    20.3657    1485.70 0.0000e+00
       2033 149.331076     77.000    11.2213  30.868322     0.2974 1.0000e-12     1.1702     93.924     32.451     76.285    26.7805    20.3491    1485.54 0.0000e+00
       2041 149.331099     76.000    11.1653  30.780622     0.2897 1.0000e-12     1.1841     96.801     33.396     75.295    26.7373    20.3249    1485.27 0.0000e+00
       2048 149.331121     75.000    11.0980  30.682224     0.2889 1.0000e-12     1.2004    100.076     34.465     74.304    26.6920    20.3007    1484.96 0.0000e+00
       2056 149.331143     74.000    11.0326  30.577819     0.2870 1.0000e-12     1.2332    111.648     38.382     73.314    26.6393    20.2705    1484.64 0.0000e+00
       2064 149.331165     73.000    10.9241  30.388972     0.3012 1.0000e-12     1.3226    134.404     46.065     72.323    26.5361    20.2081    1484.11 0.0000e+00
       2071 149.331187     72.000    10.8338  30.250127     0.3562 1.0000e-12     1.4396    150.448     51.442     71.332    26.4676    20.1695    1483.69 0.0000e+00
       2079 149.331209     71.000    10.8035  30.201278     0.3978 1.0000e-12     1.5414    164.093     56.062     70.342    26.4427    20.1550    1483.53 0.0000e+00
       2087 149.331232     70.000    10.7941  30.168406     0.4636 1.0000e-12     1.6421    177.113     60.488     69.351    26.4180    20.1374    1483.45 0.0000e+00
       2094 149.331254     69.000    10.7816  30.125838     0.4966 1.0000e-12     1.7197    182.712     62.371     68.361    26.3862    20.1146    1483.35 0.0000e+00
       2102 149.331277     68.000    10.7698  30.099955     0.5200 1.0000e-12     1.7659    184.513     62.963     67.370    26.3701    20.1040    1483.27 0.0000e+00
       2110 149.331300     67.000    10.7639  30.089100     0.5222 1.0000e-12     1.7888    184.896     63.084     66.380    26.3641    20.1003    1483.23 0.0000e+00
       2118 149.331322     66.000    10.7580  30.074033     0.5241 1.0000e-12     1.8023    186.729     63.697     65.389    26.3542    20.0935    1483.18 0.0000e+00
       2126 149.331344     65.000    10.7312  30.013310     0.4932 1.0000e-12     1.8257    193.354     65.901     64.398    26.3150    20.0674    1483.02 0.0000e+00
       2133 149.331367     64.000    10.6916  29.931822     0.4943 1.0000e-12     1.8635    199.366     67.870     63.408    26.2649    20.0348    1482.80 0.0000e+00
       2141 149.331390     63.000    10.6719  29.890788     0.5012 1.0000e-12     1.8948    202.062     68.747     62.417    26.2396    20.0182    1482.68 0.0000e+00
       2150 149.331414     62.000    10.6561  29.861044     0.4910 1.0000e-12     1.9144    203.062     69.056     61.427    26.2225    20.0074    1482.59 0.0000e+00
       2158 149.331437     61.000    10.6404  29.841866     0.4692 1.0000e-12     1.9248    203.561     69.199     60.436    26.2155    20.0044    1482.50 0.0000e+00
       2166 149.331461     60.000    10.6388  29.838002     0.4688 1.0000e-12     1.9313    203.851     69.294     59.445    26.2133    20.0029    1482.48 0.0000e+00
       2174 149.331484     59.000    10.6336  29.828857     0.4583 1.0000e-12     1.9329    203.514     69.169     58.455    26.2085    20.0000    1482.44 0.0000e+00
       2182 149.331508     58.000    10.6241  29.816095     0.4460 1.0000e-12     1.9365    205.443     69.808     57.464    26.2033    19.9974    1482.38 0.0000e+00
       2190 149.331531     57.000    10.6227  29.803510     0.4558 1.0000e-12     1.9505    208.603     70.875     56.473    26.1924    19.9893    1482.35 0.0000e+00
       2198 149.331554     56.000    10.6206  29.786241     0.4707 1.0000e-12     1.9633    209.264     71.090     55.483    26.1776    19.9780    1482.30 0.0000e+00
       2206 149.331577     55.000    10.6047  29.761206     0.4617 1.0000e-12     1.9684    209.125     71.012     54.492    26.1650    19.9708    1482.22 0.0000e+00
       2214 149.331600     54.000    10.5882  29.743733     0.4474 1.0000e-12     1.9706    209.487     71.107     53.502    26.1602    19.9696    1482.14 0.0000e+00
       2222 149.331623     53.000    10.5848  29.739243     0.4569 1.0000e-12     1.9752    210.827     71.556     52.511    26.1586    19.9689    1482.10 0.0000e+00
       2230 149.331646     52.000    10.5909  29.738277     0.4656 1.0000e-12     1.9854    213.163     72.356     51.520    26.1537    19.9641    1482.10 0.0000e+00
       2238 149.331670     51.000    10.5999  29.733147     0.4802 1.0000e-12     2.0007    216.186     73.391     50.530    26.1426    19.9540    1482.11 0.0000e+00
       2246 149.331694     50.000    10.6164  29.732479     0.5047 1.0000e-12     2.0180    217.943     74.009     49.539    26.1306    19.9420    1482.13 0.0000e+00
       2255 149.331718     49.000    10.6277  29.722135     0.5257 1.0000e-12     2.0286    218.289     74.136     48.548    26.1128    19.9264    1482.14 0.0000e+00
       2263 149.331743     48.000    10.6046  29.680546     0.5076 1.0000e-12     2.0342    218.855     74.280     47.558    26.0893    19.9118    1482.01 0.0000e+00
       2272 149.331768     47.000    10.5809  29.647745     0.4852 1.0000e-12     2.0400    219.882     74.583     46.567    26.0747    19.9042    1481.89 0.0000e+00
       2281 149.331793     46.000    10.5798  29.643795     0.4920 1.0000e-12     2.0443    220.008     74.622     45.576    26.0721    19.9023    1481.87 0.0000e+00
       2289 149.331818     45.000    10.5857  29.638095     0.5013 1.0000e-12     2.0460    219.717     74.529     44.586    26.0627    19.8940    1481.86 0.0000e+00
       2298 149.331843     44.000    10.5614  29.594562     0.4711 1.0000e-12     2.0433    219.008     74.237     43.595    26.0381    19.8788    1481.72 0.0000e+00
       2307 149.331869     43.000    10.5028  29.521163     0.4343 1.0000e-12     2.0432    220.269     74.554     42.604    26.0089    19.8653    1481.46 0.0000e+00
       2315 149.331893     42.000    10.4908  29.498760     0.4309 1.0000e-12     2.0474    221.130     74.820     41.613    25.9960    19.8572    1481.38 0.0000e+00
       2324 149.331918     41.000    10.4849  29.478752     0.4275 1.0000e-12     2.0507    221.269     74.850     40.623    25.9811    19.8465    1481.33 0.0000e+00
       2332 149.331942     40.000    10.4754  29.455468     0.4266 1.0000e-12     2.0516    221.296     74.837     39.632    25.9656    19.8359    1481.26 0.0000e+00
       2340 149.331965     39.000    10.4461  29.414592     0.4041 1.0000e-12     2.0535    221.950     75.000     38.642    25.9471    19.8261    1481.11 0.0000e+00
       2348 149.331989     38.000    10.4469  29.408839     0.4125 1.0000e-12     2.0548    221.653     74.899     37.651    25.9413    19.8214    1481.09 0.0000e+00
       2356 149.332012     37.000    10.4481  29.383997     0.4095 1.0000e-12     2.0542    221.713     74.910     36.660    25.9166    19.8020    1481.05 0.0000e+00
       2365 149.332036     36.000    10.4364  29.354208     0.4001 1.0000e-12     2.0548    221.821     74.917     35.669    25.8962    19.7880    1480.97 0.0000e+00
       2373 149.332059     35.000    10.4229  29.317746     0.3936 1.0000e-12     2.0555    222.237     75.023     34.679    25.8707    19.7702    1480.87 0.0000e+00
       2381 149.332083     34.000    10.3880  29.272596     0.3817 1.0000e-12     2.0570    222.393     75.009     33.688    25.8519    19.7610    1480.70 0.0000e+00
       2389 149.332106     33.000    10.3941  29.264050     0.3830 1.0000e-12     2.0558    221.707     74.782     32.697    25.8396    19.7505    1480.69 0.0000e+00
       2397 149.332130     32.000    10.3777  29.216600     0.3641 1.0000e-12     2.0514    220.670     74.389     31.706    25.8054    19.7264    1480.58 0.0000e+00
       2405 149.332154     31.000    10.3212  29.143179     0.3208 1.0000e-12     2.0460    220.379     74.184     30.716    25.7742    19.7108    1480.32 0.0000e+00
       2413 149.332177     30.000    10.2729  29.077110     0.2854 1.0000e-12     2.0423    220.458     74.117     29.725    25.7443    19.6951    1480.09 0.0000e+00
       2422 149.332201     29.000    10.2541  29.043816     0.2743 1.0000e-12     2.0423    221.320     74.367     28.734    25.7254    19.6832    1479.98 0.0000e+00
       2430 149.332224     28.000    10.2513  29.028124     0.2847 1.0000e-12     2.0449    221.614     74.455     27.743    25.7125    19.6736    1479.94 0.0000e+00
       2438 149.332248     27.000    10.2558  29.014424     0.2926 1.0000e-12     2.0456    221.519     74.423     26.752    25.6962    19.6603    1479.92 0.0000e+00
       2446 149.332272     26.000    10.2429  28.964256     0.2871 1.0000e-12     2.0464    221.576     74.401     25.762    25.6568    19.6315    1479.81 0.0000e+00
       2455 149.332296     25.000    10.2296  28.933197     0.2778 1.0000e-12     2.0451    221.308     74.280     24.771    25.6361    19.6175    1479.72 0.0000e+00
       2463 149.332321     24.000    10.2185  28.900730     0.2722 1.0000e-12     2.0443    221.259     74.234     23.780    25.6126    19.6009    1479.63 0.0000e+00
       2472 149.332346     23.000    10.1988  28.846149     0.2553 1.0000e-12     2.0429    221.051     74.114     22.790    25.5735    19.5735    1479.49 0.0000e+00
       2480 149.332370     22.000    10.1832  28.799487     0.2405 1.0000e-12     2.0403    220.522     73.895     21.799    25.5393    19.5492    1479.38 0.0000e+00
       2488 149.332393     21.000    10.1778  28.755212     0.2358 1.0000e-12     2.0369    220.223     73.767     20.808    25.5001    19.5196    1479.30 0.0000e+00
       2496 149.332416     20.000    10.1769  28.702631     0.2289 2.0862e-06     2.0350    220.051     73.684     19.817    25.4497    19.4805    1479.22 0.0000e+00
       2504 149.332438     19.000    10.1750  28.659225     0.2276 4.8503e-04     2.0337    220.394     73.777     18.826    25.4090    19.4491    1479.14 0.0000e+00
       2511 149.332461     18.000    10.1717  28.635451     0.2275 1.8160e-03     2.0349    220.357     73.750     17.835    25.3884    19.4336    1479.09 0.0000e+00
       2519 149.332483     17.000    10.1684  28.618547     0.2266 3.9562e-03     2.0325    219.318     73.390     16.845    25.3746    19.4233    1479.04 0.0000e+00
       2527 149.332505     16.000    10.1563  28.573584     0.2352 6.9815e-03     2.0253    217.119     72.618     15.854    25.3394    19.3978    1478.94 0.0000e+00
       2534 149.332526     15.000    10.1158  28.474501     0.2271 1.0812e-02     2.0109    214.044     71.494     14.863    25.2712    19.3508    1478.69 0.0000e+00
       2541 149.332548     14.000    10.0517  28.357890     0.2359 1.3958e-02     1.9907    210.546     70.196     13.872    25.2021    19.3066    1478.36 0.0000e+00
       2549 149.332569     13.000     9.9649  28.219858     0.2419 1.9108e-02     1.9653    205.824     68.456     12.881    25.1275    19.2615    1477.93 0.0000e+00
       2556 149.332591     12.000     9.8448  28.041862     0.2531 1.0678e+00     1.9351    203.711     67.533     11.890    25.0363    19.2084    1477.36 0.0000e+00
       2564 149.332613     11.000     9.7328  27.905567     0.2686 2.7233e+00     1.9261    207.236     68.506     10.900    24.9802    19.1811    1476.86 0.0000e+00
       2572 149.332635     10.000     9.7428  27.849425     0.2983 3.7956e+00     1.9282    207.399     68.547      9.909    24.9183    19.1315    1476.80 0.0000e+00
       2580 149.332658      9.000     9.7253  27.767792     0.3627 5.3909e+00     1.9256    206.127     68.071      8.918    24.8503    19.0810    1476.64 0.0000e+00
       2587 149.332680      8.000     9.6847  27.687846     0.4371 7.7682e+00     1.9174    204.211     67.355      7.927    24.7999    19.0477    1476.41 0.0000e+00
       2595 149.332701      7.000     9.6548  27.604613     0.6182 1.1319e+01     1.9087    204.285     67.308      6.936    24.7386    19.0043    1476.21 0.0000e+00
       2602 149.332723      6.000     9.6892  27.609137     0.8402 1.6427e+01     1.9098    206.153     67.967      5.945    24.7198    18.9846    1476.30 0.0000e+00
       2610 149.332745      5.000     9.8301  27.678486     1.0807 2.4846e+01     1.9189    208.314     68.884      4.954    24.6920    18.9424    1476.77 0.0000e+00
       2617 149.332767      4.000     9.9470  27.735580     1.2275 3.7603e+01     1.9413    214.543     71.119      3.964    24.6685    18.9069    1477.16 0.0000e+00
       2626 149.332793      3.000    10.2527  27.848140     1.3691 5.9064e+01     1.9890    221.607     73.916      2.973    24.5714    18.7856    1478.15 0.0000e+00
       2641 149.332836      2.000    10.8579  27.686825     1.5811 8.6075e+01     2.0554    225.405     75.920      1.982    24.0145    18.2601    1479.68 0.0000e+00
       2656 149.332880      1.000    11.1257  27.500464     1.4144 1.4396e+02     2.0727    221.531     74.887      0.991    23.6635    17.9457    1480.21 0.0000e+00
