CTD_data_day1/sbe55_sbe19p_5262_20260529_re2.cnv
* Sea-Bird SBE 19plus Data File:
* FileName = C:\Data\sbe55_sbe19p_5262\2026-05-29\sbe55_sbe19p_5262_20260529_re2066.hex
* Software Version SeatermAF 2.1.4
* Temperature SN = 5262
* Conductivity SN = 5262
* System UpLoad Time = May 29 2026 09:46:54 (localtime) = May 29 2026 09:46:54 (UTC)
* ds
* SeacatPlus V 1.6b  SERIAL NO. 5262    29 May 2026  09:46:27
# nquan = 15                                
# nvalues = 647                         
# units = specified
# name 0 = scan: Scan Count
# name 1 = timeJ: Julian Days
# name 2 = prdM: Pressure, Strain Gauge [db]
# name 3 = tv290C: Temperature [ITS-90, deg C]
# name 4 = c0mS/cm: Conductivity [mS/cm]
# name 5 = wetStar: Fluorescence, WET Labs WETstar [mg/m^3]
# name 6 = par: PAR/Irradiance, Biospherical/Licor [umol photons/m^2/sec]
# name 7 = sbeox0V: Oxygen raw, SBE 43 [V]
# name 8 = sbeox0Mm/L: Oxygen, SBE 43 [umol/l], WS = 2
# name 9 = sbeox0PS: Oxygen, SBE 43 [% saturation], WS = 2
# name 10 = depSM: Depth [salt water, m], lat = 56
# name 11 = sal00: Salinity, Practical [PSU]
# name 12 = sigma-é00: Density [sigma-theta, kg/m^3]
# name 13 = svCM: Sound Velocity [Chen-Millero, m/s]
# name 14 = flag: flag
# span 0 =        301,        947       
# span 1 = 149.403565, 149.405434       
# span 2 =     -0.107,     44.435       
# span 3 =     9.0355,    13.8948       
# span 4 =   3.246164,  28.661986       
# span 5 =     0.1468,     7.4436       
# span 6 = 1.0000e-12, 2.5047e+02       
# span 7 =     1.5403,     2.2392       
# span 8 =    137.946,    237.219       
# span 9 =     46.416,     83.271       
# span 10 =     -0.106,     44.026      
# span 11 =     2.2451,    25.6852      
# span 12 =     1.1084,    19.7245      
# span 13 =    1461.85,    1486.18      
# span 14 = 0.0000e+00, 0.0000e+00      
# interval = seconds: 0.25
# start_time = May 29 2026 09:39:53 [Instrument's time stamp, header]
# bad_flag = -9.990e-29
*END*
[from data line 97]
        398 149.403845     15.188     9.3205  27.772381     0.3062 5.7693e-02     1.6673    174.576     57.235     15.049    25.1342    19.3605    1475.57 0.0000e+00
        399 149.403848     15.339     9.3320  27.791538     0.3058 5.5375e-02     1.6693    174.852     57.344     15.199    25.1451    19.3674    1475.63 0.0000e+00
        400 149.403851     15.491     9.3444  27.812150     0.3025 3.9800e-02     1.6727    175.317     57.517     15.349    25.1569    19.3749    1475.69 0.0000e+00
        401 149.403854     15.642     9.3576  27.836710     0.3021 3.6825e-02     1.6754    175.527     57.609     15.499    25.1720    19.3848    1475.76 0.0000e+00
        402 149.403857     15.794     9.3724  27.865674     0.3025 3.0352e-02     1.6776    175.295     57.559     15.650    25.1904    19.3970    1475.84 0.0000e+00
        403 149.403860     15.946     9.3894  27.896315     0.2934 2.2089e-02     1.6807    175.348     57.605     15.800    25.2089    19.4090    1475.93 0.0000e+00
        404 149.403863     16.098     9.4080  27.925590     0.2930 2.2467e-02     1.6829    175.171     57.577     15.951    25.2249    19.4188    1476.02 0.0000e+00
        405 149.403866     16.250     9.4266  27.953152     0.2901 2.1001e-02     1.6847    174.893     57.515     16.101    25.2391    19.4273    1476.11 0.0000e+00
        406 149.403869     16.402     9.4442  27.979344     0.2835 1.9076e-02     1.6856    174.549     57.429     16.252    25.2527    19.4353    1476.20 0.0000e+00
        407 149.403872     16.554     9.4606  28.003950     0.2988 1.7674e-02     1.6867    174.250     57.357     16.403    25.2656    19.4430    1476.28 0.0000e+00
        408 149.403874     16.706     9.4757  28.027964     0.2889 7.1294e-03     1.6881    174.127     57.341     16.553    25.2788    19.4511    1476.35 0.0000e+00
        409 149.403877     16.857     9.4899  28.053223     0.2984 4.3471e-03     1.6881    173.925     57.298     16.703    25.2938    19.4608    1476.43 0.0000e+00
        410 149.403880     17.009     9.5041  28.079521     0.3021 1.0000e-12     1.6892    173.944     57.328     16.854    25.3099    19.4712    1476.50 0.0000e+00
        411 149.403883     17.160     9.5186  28.104068     0.3140 1.4525e-05     1.6900    173.949     57.354     17.003    25.3239    19.4801    1476.58 0.0000e+00
        412 149.403886     17.313     9.5324  28.124217     0.2897 1.0000e-12     1.6905    173.782     57.320     17.155    25.3342    19.4861    1476.64 0.0000e+00
        413 149.403889     17.465     9.5446  28.139496     0.2881 2.9513e-05     1.6915    173.798     57.343     17.305    25.3407    19.4894    1476.70 0.0000e+00
        414 149.403892     17.618     9.5544  28.150729     0.2852 1.0000e-12     1.6920    173.729     57.335     17.457    25.3448    19.4912    1476.74 0.0000e+00
        415 149.403895     17.770     9.5621  28.158826     0.2930 1.0000e-12     1.6930    173.831     57.379     17.608    25.3474    19.4921    1476.78 0.0000e+00
        416 149.403898     17.921     9.5680  28.164907     0.3021 1.4525e-05     1.6921    173.638     57.324     17.757    25.3492    19.4927    1476.80 0.0000e+00
        417 149.403900     18.071     9.5724  28.170296     0.2901 1.0000e-12     1.6927    173.720     57.357     17.906    25.3514    19.4937    1476.83 0.0000e+00
        418 149.403903     18.220     9.5759  28.176158     0.2967 1.0000e-12     1.6936    173.884     57.417     18.053    25.3547    19.4958    1476.84 0.0000e+00
        419 149.403906     18.369     9.5793  28.183367     0.2959 1.0000e-12     1.6945    173.989     57.458     18.201    25.3594    19.4990    1476.87 0.0000e+00
        420 149.403909     18.519     9.5831  28.192767     0.3062 1.0000e-12     1.6946    174.057     57.488     18.350    25.3660    19.5035    1476.89 0.0000e+00
        421 149.403912     18.671     9.5877  28.204994     0.2967 1.0000e-12     1.6956    174.097     57.510     18.500    25.3748    19.5097    1476.92 0.0000e+00
        422 149.403915     18.823     9.5937  28.220004     0.2971 1.0000e-12     1.6960    174.026     57.498     18.651    25.3854    19.5171    1476.96 0.0000e+00
        423 149.403918     18.975     9.6011  28.236227     0.3017 1.0000e-12     1.6959    173.798     57.436     18.801    25.3961    19.5244    1477.00 0.0000e+00
        424 149.403921     19.127     9.6096  28.251143     0.2943 1.0000e-12     1.6965    173.683     57.412     18.952    25.4049    19.5300    1477.05 0.0000e+00
        425 149.403924     19.278     9.6183  28.263748     0.3013 2.9513e-05     1.6969    173.534     57.376     19.102    25.4112    19.5336    1477.09 0.0000e+00
        426 149.403927     19.428     9.6264  28.273887     0.2934 1.0000e-12     1.6972    173.454     57.362     19.250    25.4154    19.5358    1477.13 0.0000e+00
        427 149.403929     19.578     9.6334  28.281178     0.2918 1.0000e-12     1.6964    173.183     57.282     19.399    25.4176    19.5365    1477.16 0.0000e+00
        428 149.403932     19.729     9.6390  28.286207     0.2918 1.0000e-12     1.6961    173.000     57.229     19.549    25.4186    19.5364    1477.18 0.0000e+00
        429 149.403935     19.879     9.6432  28.290316     0.2864 1.0000e-12     1.6963    172.983     57.229     19.697    25.4197    19.5366    1477.20 0.0000e+00
        430 149.403938     20.030     9.6463  28.294289     0.2798 1.0000e-12     1.6963    172.976     57.232     19.847    25.4214    19.5375    1477.22 0.0000e+00
        431 149.403941     20.181     9.6488  28.298223     0.2868 1.0000e-12     1.6956    172.949     57.227     19.996    25.4234    19.5388    1477.23 0.0000e+00
        432 149.403944     20.332     9.6509  28.302050     0.5171 1.0000e-12     1.6957    172.982     57.241     20.146    25.4257    19.5402    1477.25 0.0000e+00
        433 149.403947     20.483     9.6528  28.305624     0.3004 1.0000e-12     1.6958    172.942     57.231     20.296    25.4278    19.5416    1477.26 0.0000e+00
        434 149.403950     20.635     9.6545  28.308648     0.2761 1.0000e-12     1.6955    172.895     57.218     20.446    25.4296    19.5427    1477.27 0.0000e+00
        435 149.403953     20.787     9.6559  28.310869     0.2765 1.0000e-12     1.6956    173.036     57.267     20.597    25.4307    19.5434    1477.28 0.0000e+00
        436 149.403955     20.938     9.6569  28.312457     0.2732 1.0000e-12     1.6956    172.972     57.248     20.746    25.4315    19.5439    1477.28 0.0000e+00
        437 149.403958     21.088     9.6577  28.313816     0.2790 1.4525e-05     1.6950    172.899     57.225     20.895    25.4323    19.5443    1477.29 0.0000e+00
        438 149.403961     21.238     9.6583  28.315023     0.2765 1.0000e-12     1.6950    172.986     57.255     21.044    25.4330    19.5448    1477.30 0.0000e+00
        439 149.403964     21.386     9.6587  28.316000     0.2811 1.0000e-12     1.6960    173.224     57.334     21.190    25.4336    19.5453    1477.30 0.0000e+00
        440 149.403967     21.535     9.6590  28.316845     0.2732 1.0000e-12     1.6948    173.152     57.311     21.338    25.4342    19.5457    1477.31 0.0000e+00
        441 149.403970     21.684     9.6592  28.317764     0.2753 1.0000e-12     1.6953    173.312     57.364     21.486    25.4349    19.5462    1477.31 0.0000e+00
        442 149.403973     21.832     9.6595  28.318830     0.2835 1.0000e-12     1.6958    173.370     57.384     21.632    25.4357    19.5468    1477.31 0.0000e+00
        443 149.403976     21.982     9.6598  28.319960     0.2905 1.4525e-05     1.6962    173.469     57.418     21.781    25.4365    19.5474    1477.32 0.0000e+00
        444 149.403979     22.132     9.6604  28.321268     0.2827 1.0000e-12     1.6964    173.595     57.460     21.929    25.4374    19.5479    1477.32 0.0000e+00
        445 149.403981     22.282     9.6611  28.323197     0.2811 1.0000e-12     1.6964    173.519     57.437     22.078    25.4387    19.5489    1477.33 0.0000e+00
        446 149.403984     22.433     9.6621  28.326149     0.2720 2.9513e-05     1.6963    173.518     57.438     22.228    25.4409    19.5504    1477.34 0.0000e+00
        447 149.403987     22.582     9.6638  28.329838     0.2753 1.4525e-05     1.6972    173.685     57.497     22.375    25.4433    19.5521    1477.35 0.0000e+00
        448 149.403990     22.730     9.6659  28.333567     0.2720 1.0000e-12     1.6971    173.653     57.490     22.522    25.4454    19.5534    1477.36 0.0000e+00
        449 149.403993     22.877     9.6683  28.337115     0.2728 1.0000e-12     1.6971    173.686     57.504     22.668    25.4472    19.5545    1477.38 0.0000e+00
        450 149.403996     23.023     9.6707  28.340443     0.2885 1.0000e-12     1.6980    173.701     57.513     22.812    25.4487    19.5553    1477.39 0.0000e+00
        451 149.403999     23.169     9.6730  28.343441     0.2802 1.0000e-12     1.6983    173.704     57.518     22.957    25.4500    19.5560    1477.40 0.0000e+00
        452 149.404002     23.317     9.6751  28.346058     0.2786 1.0000e-12     1.6979    173.663     57.507     23.104    25.4511    19.5565    1477.41 0.0000e+00
        453 149.404005     23.467     9.6769  28.348293     0.2877 1.0000e-12     1.6986    173.790     57.552     23.252    25.4520    19.5569    1477.43 0.0000e+00
        454 149.404008     23.619     9.6784  28.350563     0.2827 1.4525e-05     1.6976    173.600     57.491     23.403    25.4531    19.5576    1477.43 0.0000e+00
        455 149.404010     23.771     9.6799  28.353401     0.3289 1.4525e-05     1.6988    173.700     57.527     23.553    25.4548    19.5587    1477.44 0.0000e+00
        456 149.404013     23.921     9.6815  28.356810     0.4834 5.9496e-05     1.6989    173.642     57.510     23.702    25.4570    19.5602    1477.46 0.0000e+00
        457 149.404016     24.068     9.6834  28.360669     0.3993 1.0000e-12     1.6995    173.627     57.509     23.848    25.4594    19.5618    1477.47 0.0000e+00
        458 149.404019     24.213     9.6856  28.365164     0.4261 1.0000e-12     1.6994    173.519     57.477     23.991    25.4622    19.5637    1477.48 0.0000e+00
        459 149.404022     24.357     9.6881  28.370226     0.3544 1.0000e-12     1.6985    173.120     57.349     24.134    25.4654    19.5658    1477.50 0.0000e+00
        460 149.404025     24.503     9.6909  28.375345     0.3268 2.9513e-05     1.6983    172.949     57.297     24.279    25.4684    19.5677    1477.51 0.0000e+00
        461 149.404028     24.651     9.6937  28.380388     0.3482 1.0000e-12     1.6985    172.895     57.284     24.425    25.4714    19.5696    1477.53 0.0000e+00
        462 149.404031     24.802     9.6965  28.385228     0.3074 1.0000e-12     1.6979    172.786     57.252     24.575    25.4742    19.5714    1477.55 0.0000e+00
        463 149.404034     24.954     9.6990  28.389395     0.3021 4.4503e-05     1.6972    172.671     57.218     24.725    25.4765    19.5728    1477.56 0.0000e+00
        464 149.404036     25.105     9.7011  28.392930     0.3004 1.0000e-12     1.6969    172.588     57.194     24.875    25.4784    19.5740    1477.57 0.0000e+00
        465 149.404039     25.254     9.7027  28.396263     0.3219 1.0000e-12     1.6969    172.453     57.152     25.023    25.4805    19.5754    1477.58 0.0000e+00
        466 149.404042     25.402     9.7041  28.400053     0.2918 1.0000e-12     1.6963    172.402     57.138     25.169    25.4832    19.5773    1477.60 0.0000e+00
        467 149.404045     25.548     9.7054  28.405237     0.2864 1.0000e-12     1.6957    172.334     57.119     25.314    25.4874    19.5804    1477.61 0.0000e+00
        468 149.404048     25.696     9.7069  28.412600     0.2745 1.0000e-12     1.6956    172.321     57.119     25.461    25.4935    19.5849    1477.62 0.0000e+00
        469 149.404051     25.845     9.7092  28.421264     0.2745 1.0000e-12     1.6941    172.063     57.038     25.608    25.5004    19.5900    1477.64 0.0000e+00
        470 149.404054     25.995     9.7122  28.429087     0.2856 1.0000e-12     1.6946    172.138     57.069     25.757    25.5060    19.5939    1477.66 0.0000e+00
        471 149.404057     26.146     9.7157  28.435834     0.2802 2.9513e-05     1.6942    171.860     56.983     25.906    25.5101    19.5966    1477.68 0.0000e+00
        472 149.404060     26.296     9.7191  28.441702     0.2864 2.9513e-05     1.6940    171.564     56.890     26.055    25.5135    19.5987    1477.70 0.0000e+00
        473 149.404063     26.446     9.7223  28.445446     0.2708 1.0000e-12     1.6932    171.057     56.727     26.204    25.5148    19.5993    1477.72 0.0000e+00
        474 149.404065     26.596     9.7248  28.446866     0.2844 1.0000e-12     1.6927    170.451     56.529     26.352    25.5144    19.5986    1477.73 0.0000e+00
        475 149.404068     26.746     9.7264  28.447860     0.2699 1.4525e-05     1.6901    169.606     56.251     26.501    25.5142    19.5982    1477.74 0.0000e+00
        476 149.404071     26.896     9.7272  28.450817     0.2737 1.0000e-12     1.6888    168.917     56.024     26.650    25.5165    19.5999    1477.75 0.0000e+00
        477 149.404074     27.048     9.7282  28.456851     0.2835 1.0000e-12     1.6859    168.150     55.773     26.800    25.5217    19.6038    1477.76 0.0000e+00
        478 149.404077     27.198     9.7299  28.465760     0.2757 1.0000e-12     1.6838    167.562     55.582     26.949    25.5293    19.6094    1477.78 0.0000e+00
        479 149.404080     27.349     9.7326  28.475770     0.2761 1.0000e-12     1.6813    167.101     55.436     27.098    25.5372    19.6152    1477.80 0.0000e+00
        480 149.404083     27.499     9.7359  28.484425     0.2778 1.0000e-12     1.6781    166.463     55.230     27.247    25.5434    19.6195    1477.82 0.0000e+00
        481 149.404086     27.649     9.7388  28.491316     0.2840 1.0000e-12     1.6760    166.071     55.105     27.396    25.5481    19.6227    1477.84 0.0000e+00
        482 149.404089     27.799     9.7408  28.497374     0.2802 1.0000e-12     1.6732    165.811     55.023     27.544    25.5526    19.6260    1477.86 0.0000e+00
        483 149.404091     27.950     9.7416  28.502798     0.2778 1.4525e-05     1.6708    165.563     54.943     27.694    25.5573    19.6295    1477.87 0.0000e+00
        484 149.404094     28.102     9.7416  28.507131     0.2786 1.0000e-12     1.6678    165.283     54.852     27.844    25.5615    19.6328    1477.87 0.0000e+00
        485 149.404097     28.253     9.7413  28.510376     0.2802 1.0000e-12     1.6647    164.935     54.737     27.994    25.5649    19.6355    1477.88 0.0000e+00
        486 149.404100     28.404     9.7408  28.512903     0.2811 1.0000e-12     1.6647    165.112     54.797     28.144    25.5677    19.6377    1477.88 0.0000e+00
        487 149.404103     28.554     9.7404  28.514968     0.2831 1.0000e-12     1.6615    164.814     54.698     28.292    25.5700    19.6396    1477.89 0.0000e+00
        488 149.404106     28.704     9.7399  28.516798     0.2901 1.0000e-12     1.6596    164.741     54.674     28.441    25.5721    19.6413    1477.89 0.0000e+00
        489 149.404109     28.854     9.7396  28.518445     0.2860 1.4525e-05     1.6576    164.571     54.618     28.589    25.5739    19.6427    1477.89 0.0000e+00
        490 149.404112     29.005     9.7394  28.519953     0.2922 1.0000e-12     1.6558    164.428     54.571     28.739    25.5754    19.6440    1477.90 0.0000e+00
        491 149.404115     29.155     9.7392  28.521424     0.2885 1.0000e-12     1.6542    164.531     54.605     28.888    25.5770    19.6452    1477.90 0.0000e+00
        492 149.404117     29.307     9.7392  28.522883     0.2864 1.0000e-12     1.6528    164.494     54.593     29.038    25.5784    19.6463    1477.91 0.0000e+00
