CTD_data_day1/sbe55_sbe19p_5262_20260529_re3_1m.cnv
* Sea-Bird SBE 19plus Data File:
* FileName = C:\Data\sbe55_sbe19p_5262\2026-05-29\sbe55_sbe19p_5262_20260529_re3067.hex
* Software Version SeatermAF 2.1.4
* Temperature SN = 5262
* Conductivity SN = 5262
* System UpLoad Time = May 29 2026 10:47:36 (localtime) = May 29 2026 10:47:36 (UTC)
* ds
* SeacatPlus V 1.6b  SERIAL NO. 5262    29 May 2026  10:47:06
# nquan = 15
# nvalues = 185                         
# units = specified
# name 0 = scan: Scan Count
# name 1 = timeJ: Julian Days
# name 2 = prdM: Pressure, Strain Gauge [db]
# name 3 = tv290C: Temperature [ITS-90, deg C]
# name 4 = c0mS/cm: Conductivity [mS/cm]
# name 5 = wetStar: Fluorescence, WET Labs WETstar [mg/m^3]
# name 6 = par: PAR/Irradiance, Biospherical/Licor [umol photons/m^2/sec]
# name 7 = sbeox0V: Oxygen raw, SBE 43 [V]
# name 8 = sbeox0Mm/L: Oxygen, SBE 43 [umol/l], WS = 2
# name 9 = sbeox0PS: Oxygen, SBE 43 [% saturation], WS = 2
# name 10 = depSM: Depth [salt water, m], lat = 56
# name 11 = sal00: Salinity, Practical [PSU]
# name 12 = sigma-é00: Density [sigma-theta, kg/m^3]
# name 13 = svCM: Sound Velocity [Chen-Millero, m/s]
# name 14 = flag: flag
# span 0 =        342,       1687       
# span 1 = 149.440108, 149.443998       
# span 2 =      1.000,     93.000       
# span 3 =     9.1199,    13.1384       
# span 4 =  26.138361,  31.077030       
# span 5 =     0.2138,     8.7581       
# span 6 = -2.000e-04, 6.1333e+01       
# span 7 =     1.1325,     2.2103       
# span 8 =     86.363,    239.807       
# span 9 =     29.937,     81.156       
# span 10 =      0.991,     92.133      
# span 11 =    21.2089,    26.8796      
# span 12 =    15.7131,    20.4049      
# span 13 =    1473.93,    1486.34      
# span 14 = 0.0000e+00, 0.0000e+00      
# interval = decibars: 1                
# start_time = May 29 2026 10:32:20 [Instrument's time stamp, header]
# bad_flag = -9.990e-29
*END*
[from data line 97]
       1057 149.442177     88.000    11.3341  31.037800     0.3137 1.0000e-12     1.1382     88.452     30.650     87.181    26.8570    20.3898    1486.21 0.0000e+00
       1065 149.442199     87.000    11.3025  30.990065     0.3134 1.0000e-12     1.1448     89.423     30.961     86.190    26.8346    20.3777    1486.05 0.0000e+00
       1073 149.442222     86.000    11.2760  30.953506     0.3128 1.0000e-12     1.1513     90.365     31.266     85.200    26.8193    20.3702    1485.92 0.0000e+00
       1080 149.442244     85.000    11.2530  30.922738     0.3112 1.0000e-12     1.1562     90.732     31.375     84.209    26.8068    20.3644    1485.81 0.0000e+00
       1088 149.442266     84.000    11.2433  30.914294     0.3122 1.0000e-12     1.1588     90.725     31.366     83.219    26.8061    20.3654    1485.76 0.0000e+00
       1096 149.442288     83.000    11.2419  30.911841     0.3132 1.0000e-12     1.1607     91.187     31.524     82.228    26.8051    20.3649    1485.74 0.0000e+00
       1103 149.442309     82.000    11.2262  30.878667     0.3104 1.0000e-12     1.1645     92.053     31.809     81.238    26.7851    20.3519    1485.64 0.0000e+00
       1111 149.442331     81.000    11.1962  30.838755     0.3115 1.0000e-12     1.1692     92.787     32.039     80.247    26.7689    20.3443    1485.50 0.0000e+00
       1118 149.442352     80.000    11.1790  30.816506     0.3094 1.0000e-12     1.1734     93.327     32.212     79.257    26.7604    20.3405    1485.41 0.0000e+00
       1125 149.442374     79.000    11.1628  30.792503     0.3077 1.0000e-12     1.1771     93.887     32.391     78.266    26.7495    20.3347    1485.32 0.0000e+00
       1133 149.442396     78.000    11.1482  30.772343     0.3050 1.0000e-12     1.1810     94.314     32.527     77.276    26.7411    20.3306    1485.24 0.0000e+00
       1141 149.442418     77.000    11.1336  30.750535     0.3074 1.0000e-12     1.1843     95.037     32.763     76.285    26.7311    20.3253    1485.16 0.0000e+00
       1148 149.442440     76.000    11.1102  30.710711     0.3088 1.0000e-12     1.1898     96.132     33.120     75.295    26.7102    20.3128    1485.03 0.0000e+00
       1156 149.442462     75.000    11.0739  30.652266     0.3080 1.0000e-12     1.1975     98.025     33.739     74.304    26.6806    20.2959    1484.86 0.0000e+00
       1163 149.442484     74.000    11.0199  30.565184     0.3045 1.0000e-12     1.2087    100.250     34.454     73.314    26.6363    20.2703    1484.59 0.0000e+00
       1171 149.442505     73.000    10.9511  30.460930     0.3046 1.0000e-12     1.2221    102.813     35.271     72.323    26.5860    20.2424    1484.27 0.0000e+00
       1178 149.442527     72.000    10.8770  30.349427     0.3032 1.0000e-12     1.2396    106.016     36.299     71.332    26.5324    20.2128    1483.92 0.0000e+00
       1186 149.442549     71.000    10.7928  30.226189     0.2968 1.0000e-12     1.2584    109.373     37.366     70.342    26.4745    20.1814    1483.53 0.0000e+00
       1193 149.442570     70.000    10.7115  30.101641     0.2993 1.0000e-12     1.2792    112.652     38.403     69.351    26.4129    20.1466    1483.15 0.0000e+00
       1200 149.442591     69.000    10.6243  29.981043     0.2935 1.0000e-12     1.2975    115.064     39.137     68.361    26.3592    20.1188    1482.75 0.0000e+00
       1208 149.442612     68.000    10.5603  29.889579     0.3030 1.0000e-12     1.3130    117.010     39.733     67.370    26.3168    20.0960    1482.45 0.0000e+00
       1215 149.442632     67.000    10.5069  29.812607     0.2983 1.0000e-12     1.3279    119.953     40.674     66.380    26.2808    20.0764    1482.20 0.0000e+00
       1222 149.442653     66.000    10.4503  29.715858     0.2988 1.0000e-12     1.3515    125.944     42.639     65.389    26.2277    20.0440    1481.91 0.0000e+00
       1229 149.442674     65.000    10.3766  29.599411     0.2934 1.0000e-12     1.3852    131.891     44.563     64.398    26.1675    20.0087    1481.55 0.0000e+00
       1236 149.442695     64.000    10.3232  29.524928     0.2900 1.0000e-12     1.4203    137.362     46.347     63.408    26.1336    19.9906    1481.30 0.0000e+00
       1244 149.442716     63.000    10.2878  29.468934     0.2867 1.0000e-12     1.4538    141.279     47.622     62.417    26.1046    19.9735    1481.12 0.0000e+00
       1251 149.442737     62.000    10.2639  29.436983     0.2811 1.0000e-12     1.4798    143.631     48.385     61.427    26.0909    19.9665    1481.00 0.0000e+00
       1258 149.442758     61.000    10.2583  29.429700     0.2796 1.0000e-12     1.4981    145.222     48.914     60.436    26.0881    19.9652    1480.96 0.0000e+00
       1266 149.442779     60.000    10.2540  29.419118     0.2799 1.0000e-12     1.5188    150.655     50.737     59.445    26.0812    19.9605    1480.92 0.0000e+00
       1273 149.442801     59.000    10.2497  29.407012     0.2760 1.0000e-12     1.5557    157.822     53.143     58.455    26.0728    19.9546    1480.87 0.0000e+00
       1280 149.442822     58.000    10.2569  29.405043     0.2675 1.0000e-12     1.5912    161.028     54.229     57.464    26.0661    19.9482    1480.88 0.0000e+00
       1288 149.442844     57.000    10.2586  29.396115     0.2621 1.0000e-12     1.6119    160.998     54.218     56.474    26.0565    19.9405    1480.85 0.0000e+00
       1295 149.442865     56.000    10.2497  29.379538     0.2654 1.0000e-12     1.6177    159.456     53.684     55.483    26.0471    19.9345    1480.79 0.0000e+00
       1303 149.442887     55.000    10.2357  29.360452     0.2674 1.0000e-12     1.6205    161.697     54.419     54.492    26.0387    19.9302    1480.72 0.0000e+00
       1310 149.442908     54.000    10.2308  29.357537     0.2660 1.0000e-12     1.6352    165.530     55.704     53.502    26.0398    19.9317    1480.68 0.0000e+00
       1317 149.442928     53.000    10.2382  29.361930     0.2620 1.0000e-12     1.6518    166.094     55.903     52.511    26.0391    19.9301    1480.69 0.0000e+00
       1325 149.442950     52.000    10.2346  29.342761     0.2603 1.0000e-12     1.6585    169.069     56.893     51.520    26.0233    19.9183    1480.65 0.0000e+00
       1332 149.442972     51.000    10.2190  29.319975     0.2563 1.0000e-12     1.6979    180.676     60.774     50.530    26.0125    19.9123    1480.56 0.0000e+00
       1340 149.442994     50.000    10.2369  29.324825     0.2395 1.0000e-12     1.7471    185.898     62.552     49.539    26.0049    19.9036    1480.60 0.0000e+00
       1347 149.443015     49.000    10.2379  29.305874     0.2398 1.0000e-12     1.7755    184.331     62.019     48.548    25.9859    19.8887    1480.56 0.0000e+00
       1355 149.443037     48.000    10.2214  29.270634     0.2376 1.0000e-12     1.7715    180.148     60.581     47.558    25.9636    19.8738    1480.46 0.0000e+00
       1362 149.443060     47.000    10.1929  29.220932     0.2454 1.0000e-12     1.7638    180.057     60.501     46.567    25.9357    19.8565    1480.30 0.0000e+00
       1370 149.443082     46.000    10.1638  29.169919     0.2462 1.0000e-12     1.7622    180.980     60.761     45.576    25.9068    19.8384    1480.15 0.0000e+00
       1378 149.443105     45.000    10.1467  29.140306     0.2460 1.0000e-12     1.7651    182.010     61.078     44.586    25.8904    19.8283    1480.05 0.0000e+00
       1385 149.443126     44.000    10.1415  29.128254     0.2453 1.0000e-12     1.7695    182.826     61.341     43.595    25.8827    19.8230    1480.00 0.0000e+00
       1393 149.443147     43.000    10.1412  29.121134     0.2455 1.0000e-12     1.7751    184.027     61.741     42.604    25.8762    19.8181    1479.98 0.0000e+00
       1400 149.443169     42.000    10.1388  29.109923     0.2455 1.0000e-12     1.7825    185.265     62.150     41.614    25.8674    19.8115    1479.94 0.0000e+00
       1407 149.443190     41.000    10.1370  29.100723     0.2405 1.0000e-12     1.7903    186.449     62.541     40.623    25.8600    19.8060    1479.91 0.0000e+00
       1415 149.443211     40.000    10.1329  29.083113     0.2387 1.0000e-12     1.7973    186.741     62.628     39.632    25.8460    19.7958    1479.86 0.0000e+00
       1422 149.443232     39.000    10.1243  29.060301     0.2423 1.0000e-12     1.7982    186.391     62.493     38.642    25.8301    19.7847    1479.80 0.0000e+00
       1429 149.443252     38.000    10.1075  29.030795     0.2443 1.0000e-12     1.8011    186.908     62.636     37.651    25.8135    19.7743    1479.70 0.0000e+00
       1436 149.443273     37.000    10.1016  29.011251     0.2404 1.0000e-12     1.8022    187.550     62.837     36.660    25.7989    19.7638    1479.64 0.0000e+00
       1443 149.443294     36.000    10.0962  29.002155     0.2435 1.0000e-12     1.8076    188.803     63.247     35.669    25.7942    19.7610    1479.60 0.0000e+00
       1450 149.443314     35.000    10.1023  28.996311     0.2421 1.0000e-12     1.8175    192.219     64.396     34.679    25.7845    19.7524    1479.59 0.0000e+00
       1457 149.443334     34.000    10.1112  28.994311     0.2392 1.0000e-12     1.8380    196.602     65.874     33.688    25.7766    19.7449    1479.60 0.0000e+00
       1464 149.443354     33.000    10.1265  28.991299     0.2330 1.0000e-12     1.8616    200.006     67.032     32.697    25.7631    19.7321    1479.62 0.0000e+00
       1471 149.443374     32.000    10.1373  28.982035     0.2289 1.0000e-12     1.8818    201.992     67.706     31.706    25.7467    19.7177    1479.63 0.0000e+00
       1478 149.443393     31.000    10.1429  28.965744     0.2235 1.0000e-12     1.8991    204.411     68.517     30.716    25.7272    19.7016    1479.61 0.0000e+00
       1484 149.443412     30.000    10.1450  28.955788     0.2214 1.0000e-12     1.9170    206.610     69.253     29.725    25.7163    19.6928    1479.58 0.0000e+00
       1491 149.443432     29.000    10.1495  28.941676     0.2223 1.0000e-12     1.9307    207.533     69.562     28.734    25.6996    19.6792    1479.56 0.0000e+00
       1498 149.443452     28.000    10.1468  28.918897     0.2229 1.0000e-12     1.9365    205.787     68.963     27.743    25.6796    19.6640    1479.51 0.0000e+00
       1505 149.443471     27.000    10.1315  28.877255     0.2215 1.0000e-12     1.9261    201.164     67.379     26.753    25.6499    19.6432    1479.40 0.0000e+00
       1512 149.443491     26.000    10.0934  28.815400     0.2287 1.0000e-12     1.9077    199.709     66.821     25.762    25.6167    19.6231    1479.21 0.0000e+00
       1519 149.443512     25.000    10.0598  28.773774     0.2360 1.0000e-12     1.9040    202.337     67.642     24.771    25.6000    19.6152    1479.05 0.0000e+00
       1525 149.443531     24.000    10.0741  28.763084     0.2341 1.0000e-12     1.9066    202.592     67.740     23.780    25.5797    19.5973    1479.06 0.0000e+00
       1532 149.443550     23.000    10.0736  28.732348     0.2296 1.0000e-12     1.9074    201.801     67.462     22.789    25.5503    19.5744    1479.01 0.0000e+00
       1538 149.443569     22.000    10.0578  28.673660     0.2290 1.0000e-12     1.9018    199.620     66.690     21.799    25.5043    19.5410    1478.87 0.0000e+00
       1545 149.443588     21.000    10.0168  28.581196     0.2303 1.0000e-12     1.8919    198.152     66.114     20.808    25.4428    19.4993    1478.63 0.0000e+00
       1552 149.443607     20.000     9.9576  28.476843     0.2343 1.0000e-12     1.8809    196.524     65.459     19.817    25.3823    19.4611    1478.33 0.0000e+00
       1558 149.443626     19.000     9.9021  28.394143     0.2369 1.0000e-12     1.8687    194.874     64.812     18.826    25.3403    19.4367    1478.05 0.0000e+00
       1565 149.443645     18.000     9.8380  28.300956     0.2455 1.0000e-12     1.8572    193.634     64.288     17.836    25.2939    19.4100    1477.74 0.0000e+00
       1571 149.443663     17.000     9.7676  28.209461     0.2499 1.0000e-12     1.8442    191.352     63.415     16.845    25.2534    19.3888    1477.42 0.0000e+00
       1577 149.443682     16.000     9.7048  28.113730     0.2541 1.0000e-12     1.8283    189.474     62.685     15.854    25.2032    19.3590    1477.10 0.0000e+00
       1584 149.443700     15.000     9.6166  27.977251     0.2608 1.0000e-12     1.8230    193.537     63.872     14.863    25.1303    19.3150    1476.67 0.0000e+00
       1590 149.443719     14.000     9.5692  27.867802     0.2635 1.6768e-05     1.8351    196.995     64.914     13.872    25.0555    19.2636    1476.39 0.0000e+00
       1597 149.443737     13.000     9.5756  27.759972     0.2643 7.8367e-04     1.8440    197.048     64.894     12.881    24.9447    19.1763    1476.26 0.0000e+00
       1603 149.443756     12.000     9.5300  27.646439     0.2886 2.7502e-03     1.8425    193.006     63.466     11.890    24.8642    19.1202    1475.98 0.0000e+00
       1609 149.443774     11.000     9.4757  27.534140     0.3052 5.9365e-03     1.8185    184.679     60.626     10.900    24.7909    19.0708    1475.67 0.0000e+00
       1616 149.443793     10.000     9.3740  27.376291     0.3269 1.4685e-02     1.7722    173.637     56.840      9.909    24.7048    19.0181    1475.16 0.0000e+00
       1622 149.443812      9.000     9.2531  27.192093     0.3977 2.3650e-02     1.7129    165.859     54.110      8.918    24.6053    18.9575    1474.57 0.0000e+00
       1629 149.443831      8.000     9.1720  27.033443     0.7560 3.2724e-02     1.6741    169.520     55.167      7.927    24.5033    18.8893    1474.12 0.0000e+00
       1636 149.443850      7.000     9.1845  26.936248     1.5216 2.5101e-01     1.6958    191.261     62.218      6.936    24.3982    18.8056    1474.03 0.0000e+00
       1642 149.443869      6.000     9.4110  26.877697     4.4944 8.1070e-01     1.7999    219.132     71.556      5.945    24.1870    18.6092    1474.60 0.0000e+00
       1649 149.443888      5.000     9.9871  26.871406     7.5572 1.3389e+00     1.9338    236.080     77.899      4.955    23.7986    18.2239    1476.27 0.0000e+00
       1656 149.443908      4.000    11.0625  26.920037     7.4643 2.4554e+00     2.0530    239.807     80.693      3.964    23.1560    17.5615    1479.42 0.0000e+00
       1664 149.443931      3.000    12.1211  26.679833     6.7191 1.3009e+01     2.1319    237.007     81.156      2.973    22.2861    16.7175    1482.15 0.0000e+00
       1674 149.443963      2.000    12.8348  26.353608     6.7693 2.9465e+01     2.1743    234.076     81.026      1.982    21.5726    16.0461    1483.80 0.0000e+00
       1687 149.443998      1.000    12.9939  26.275964     4.9512 5.8799e+01     2.1806    230.560     80.000      0.991    21.4129    15.8955    1484.15 0.0000e+00
