CTD_data_day1/sbe55_sbe19p_5262_20260529_re2_1m.cnv
* Sea-Bird SBE 19plus Data File:
* FileName = C:\Data\sbe55_sbe19p_5262\2026-05-29\sbe55_sbe19p_5262_20260529_re2066.hex
* Software Version SeatermAF 2.1.4
* Temperature SN = 5262
* Conductivity SN = 5262
* System UpLoad Time = May 29 2026 09:46:54 (localtime) = May 29 2026 09:46:54 (UTC)
* ds
* SeacatPlus V 1.6b  SERIAL NO. 5262    29 May 2026  09:46:27
# nquan = 15
# nvalues = 86                          
# units = specified
# name 0 = scan: Scan Count
# name 1 = timeJ: Julian Days
# name 2 = prdM: Pressure, Strain Gauge [db]
# name 3 = tv290C: Temperature [ITS-90, deg C]
# name 4 = c0mS/cm: Conductivity [mS/cm]
# name 5 = wetStar: Fluorescence, WET Labs WETstar [mg/m^3]
# name 6 = par: PAR/Irradiance, Biospherical/Licor [umol photons/m^2/sec]
# name 7 = sbeox0V: Oxygen raw, SBE 43 [V]
# name 8 = sbeox0Mm/L: Oxygen, SBE 43 [umol/l], WS = 2
# name 9 = sbeox0PS: Oxygen, SBE 43 [% saturation], WS = 2
# name 10 = depSM: Depth [salt water, m], lat = 56
# name 11 = sal00: Salinity, Practical [PSU]
# name 12 = sigma-é00: Density [sigma-theta, kg/m^3]
# name 13 = svCM: Sound Velocity [Chen-Millero, m/s]
# name 14 = flag: flag
# span 0 =        306,        908       
# span 1 = 149.403578, 149.405321       
# span 2 =      1.000,     44.000       
# span 3 =     9.0474,    13.8638       
# span 4 =  25.811464,  28.659737       
# span 5 =     0.2746,     7.2232       
# span 6 = -1.943e-05, 9.2446e+01       
# span 7 =     1.5448,     2.2333       
# span 8 =    140.259,    235.129       
# span 9 =     46.954,     82.509       
# span 10 =      0.991,     43.595      
# span 11 =    20.5259,    25.6827      
# span 12 =    15.0583,    19.7224      
# span 13 =    1473.66,    1486.11      
# span 14 = 0.0000e+00, 0.0000e+00      
# interval = decibars: 1                
# start_time = May 29 2026 09:39:53 [Instrument's time stamp, header]
# bad_flag = -9.990e-29
*END*
        306 149.403578      2.000    13.8638  25.811464     7.2232 3.4141e+01     2.2333    234.752     82.509      1.982    20.5259    15.0583    1486.11 0.0000e+00
        314 149.403602      3.000    13.7717  25.891266     7.0129 1.7550e+01     2.2052    224.464     78.799      2.973    20.6446    15.1662    1485.95 0.0000e+00
        321 149.403623      4.000    13.5695  26.093755     6.5807 9.6030e+00     2.1112    195.571     68.490      3.964    20.9317    15.4234    1485.61 0.0000e+00
        328 149.403644      5.000    12.8471  26.579202     6.3472 5.7046e+00     1.8994    153.626     53.271      4.954    21.7693    16.1955    1484.12 0.0000e+00
        335 149.403664      6.000    10.8382  26.750122     5.9633 3.6210e+00     1.6866    140.259     46.954      5.945    23.1426    17.5837    1478.60 0.0000e+00
        343 149.403685      7.000     9.2646  26.792842     2.2899 2.1927e+00     1.5909    150.180     48.874      6.936    24.2040    18.6423    1474.08 0.0000e+00
        350 149.403706      8.000     9.0474  26.955935     0.9255 1.3398e+00     1.5751    158.853     51.553      7.927    24.5115    18.9129    1473.66 0.0000e+00
        357 149.403726      9.000     9.0669  27.117214     0.5522 8.7756e-01     1.5869    163.640     53.181      8.918    24.6589    19.0253    1473.93 0.0000e+00
        363 149.403745     10.000     9.1041  27.266785     0.4347 5.8993e-01     1.6046    165.692     53.936      9.909    24.7824    19.1165    1474.24 0.0000e+00
        370 149.403765     11.000     9.1575  27.405833     0.3836 4.0159e-01     1.6184    166.795     54.396     10.900    24.8839    19.1882    1474.58 0.0000e+00
        377 149.403784     12.000     9.1901  27.492167     0.3536 2.6111e-01     1.6301    167.995     54.850     11.890    24.9471    19.2330    1474.80 0.0000e+00
        384 149.403804     13.000     9.2280  27.580357     0.3313 1.7652e-01     1.6401    168.889     55.211     12.881    25.0083    19.2754    1475.03 0.0000e+00
        390 149.403823     14.000     9.2672  27.664218     0.3192 1.0714e-01     1.6494    170.482     55.801     13.872    25.0641    19.3134    1475.26 0.0000e+00
        397 149.403842     15.000     9.3118  27.753363     0.3078 6.2584e-02     1.6634    173.715     56.937     14.863    25.1214    19.3518    1475.52 0.0000e+00
        403 149.403861     16.000     9.3978  27.906051     0.2944 2.6097e-02     1.6808    175.102     57.536     15.854    25.2126    19.4107    1475.97 0.0000e+00
        410 149.403880     17.000     9.5027  28.074520     0.2971 4.3664e-03     1.6891    173.979     57.336     16.845    25.3058    19.4683    1476.49 0.0000e+00
        417 149.403899     18.000     9.5690  28.167859     0.2938 -1.943e-05     1.6930    173.798     57.379     17.835    25.3514    19.4942    1476.81 0.0000e+00
        423 149.403918     19.000     9.6037  28.236438     0.2988 4.2630e-06     1.6962    173.807     57.442     18.826    25.3945    19.5227    1477.01 0.0000e+00
        430 149.403937     20.000     9.6437  28.292283     0.3213 1.2093e-07     1.6960    173.025     57.244     19.817    25.4212    19.5378    1477.21 0.0000e+00
        436 149.403957     21.000     9.6569  28.312572     0.2776 2.3912e-06     1.6955    173.002     57.258     20.808    25.4317    19.5440    1477.29 0.0000e+00
        443 149.403976     22.000     9.6602  28.320711     0.2798 6.3595e-06     1.6959    173.427     57.404     21.799    25.4370    19.5477    1477.32 0.0000e+00
        450 149.403996     23.000     9.6703  28.339386     0.2793 2.1705e-06     1.6977    173.691     57.509     22.790    25.4480    19.5548    1477.39 0.0000e+00
        457 149.404015     24.000     9.6829  28.359645     0.3800 1.4869e-05     1.6988    173.533     57.477     23.780    25.4587    19.5614    1477.46 0.0000e+00
        463 149.404034     25.000     9.6990  28.389934     0.3109 1.0369e-05     1.6974    172.636     57.207     24.771    25.4769    19.5732    1477.56 0.0000e+00
        470 149.404054     26.000     9.7130  28.427459     0.2796 8.4241e-06     1.6945    171.902     56.991     25.762    25.5038    19.5920    1477.66 0.0000e+00
        477 149.404073     27.000     9.7285  28.459664     0.2774 2.3618e-06     1.6862    168.483     55.884     26.753    25.5243    19.6057    1477.76 0.0000e+00
        483 149.404092     28.000     9.7405  28.502515     0.2802 2.4116e-06     1.6700    165.539     54.934     27.743    25.5578    19.6300    1477.86 0.0000e+00
        490 149.404112     29.000     9.7396  28.519730     0.2873 4.1404e-06     1.6562    164.574     54.619     28.734    25.5751    19.6437    1477.90 0.0000e+00
        497 149.404131     30.000     9.7402  28.527451     0.2862 -4.357e-08     1.6476    163.844     54.380     29.725    25.5819    19.6489    1477.93 0.0000e+00
        503 149.404150     31.000     9.7421  28.540330     0.2850 6.4960e-06     1.6378    162.288     53.870     30.716    25.5930    19.6573    1477.96 0.0000e+00
        510 149.404169     32.000     9.7430  28.552131     0.2904 8.4215e-08     1.6309    162.100     53.812     31.706    25.6036    19.6654    1478.00 0.0000e+00
        517 149.404189     33.000     9.7443  28.556082     0.2963 1.0000e-12     1.6264    161.566     53.637     32.697    25.6062    19.6673    1478.02 0.0000e+00
        523 149.404208     34.000     9.7460  28.565168     0.2947 1.0000e-12     1.6191    159.664     53.010     33.688    25.6136    19.6728    1478.05 0.0000e+00
        530 149.404228     35.000     9.7511  28.588780     0.2936 6.5297e-06     1.6118    159.463     52.956     34.679    25.6330    19.6872    1478.11 0.0000e+00
        537 149.404248     36.000     9.7533  28.592714     0.2926 4.1872e-06     1.6082    159.232     52.883     35.669    25.6349    19.6884    1478.14 0.0000e+00
        544 149.404268     37.000     9.7546  28.596323     0.2931 -1.730e-08     1.6057    159.200     52.874     36.660    25.6373    19.6900    1478.16 0.0000e+00
        551 149.404288     38.000     9.7551  28.598078     0.2959 1.0000e-12     1.6045    159.063     52.830     37.651    25.6382    19.6907    1478.18 0.0000e+00
        558 149.404308     39.000     9.7561  28.600919     0.3002 6.1066e-06     1.6016    158.253     52.562     38.641    25.6400    19.6919    1478.20 0.0000e+00
        565 149.404328     40.000     9.7587  28.612301     0.2986 4.3022e-06     1.5968    156.860     52.106     39.632    25.6491    19.6987    1478.24 0.0000e+00
        572 149.404348     41.000     9.7618  28.625848     0.2946 6.1154e-06     1.5894    155.904     51.795     40.623    25.6599    19.7066    1478.28 0.0000e+00
        579 149.404368     42.000     9.7638  28.632599     0.2930 4.2850e-06     1.5838    155.188     51.561     41.614    25.6648    19.7102    1478.31 0.0000e+00
        586 149.404388     43.000     9.7667  28.645305     0.2990 8.2198e-06     1.5783    154.611     51.377     42.604    25.6749    19.7176    1478.35 0.0000e+00
        601 149.404434     44.000     9.7753  28.659737     0.3024 3.8969e-06     1.5734    154.591     51.382     43.595    25.6827    19.7224    1478.41 0.0000e+00
        617 149.404479     43.000     9.7774  28.658602     0.2984 6.2936e-06     1.5730    154.952     51.504     42.604    25.6804    19.7203    1478.40 0.0000e+00
        624 149.404500     42.000     9.7751  28.649445     0.2946 -2.560e-07     1.5750    155.631     51.724     41.614    25.6734    19.7152    1478.36 0.0000e+00
        631 149.404521     41.000     9.7716  28.640056     0.2960 1.0000e-12     1.5787    156.430     51.984     40.623    25.6669    19.7107    1478.33 0.0000e+00
        638 149.404541     40.000     9.7687  28.629193     0.2961 1.8094e-06     1.5837    157.437     52.312     39.632    25.6586    19.7046    1478.29 0.0000e+00
        646 149.404562     39.000     9.7657  28.617931     0.2927 6.0927e-06     1.5893    158.250     52.576     38.641    25.6500    19.6983    1478.25 0.0000e+00
        653 149.404582     38.000     9.7642  28.610072     0.2951 8.3230e-06     1.5942    158.690     52.718     37.651    25.6436    19.6936    1478.22 0.0000e+00
        660 149.404603     37.000     9.7630  28.605805     0.2919 2.3606e-06     1.5977    158.909     52.789     36.660    25.6406    19.6914    1478.20 0.0000e+00
        667 149.404623     36.000     9.7621  28.603026     0.2908 5.6441e-08     1.5998    159.105     52.852     35.669    25.6389    19.6902    1478.17 0.0000e+00
        674 149.404644     35.000     9.7613  28.599635     0.2947 1.2590e-05     1.6021    159.438     52.961     34.679    25.6365    19.6884    1478.15 0.0000e+00
        681 149.404664     34.000     9.7604  28.593449     0.2933 2.1975e-08     1.6047    159.908     53.114     33.688    25.6314    19.6845    1478.13 0.0000e+00
        688 149.404684     33.000     9.7572  28.585020     0.2929 2.0647e-06     1.6078    160.636     53.350     32.697    25.6256    19.6805    1478.09 0.0000e+00
        695 149.404705     32.000     9.7550  28.575633     0.2941 6.3283e-06     1.6124    161.406     53.601     31.706    25.6183    19.6751    1478.06 0.0000e+00
        702 149.404725     31.000     9.7537  28.564106     0.2895 6.9646e-08     1.6170    162.156     53.845     30.716    25.6082    19.6674    1478.02 0.0000e+00
        709 149.404745     30.000     9.7509  28.552771     0.2860 8.2003e-06     1.6225    163.295     54.217     29.725    25.5993    19.6609    1477.99 0.0000e+00
        716 149.404765     29.000     9.7488  28.544019     0.2869 1.4574e-05     1.6297    164.683     54.673     28.734    25.5925    19.6559    1477.95 0.0000e+00
        723 149.404785     28.000     9.7489  28.534815     0.2898 2.3978e-06     1.6396    166.740     55.352     27.743    25.5838    19.6491    1477.93 0.0000e+00
        730 149.404805     27.000     9.7498  28.518301     0.2816 2.0750e-06     1.6513    168.794     56.029     26.753    25.5671    19.6360    1477.89 0.0000e+00
        737 149.404826     26.000     9.7483  28.494418     0.2746 2.0750e-06     1.6640    170.288     56.516     25.762    25.5450    19.6189    1477.85 0.0000e+00
        744 149.404846     25.000     9.7378  28.461594     0.2750 6.1000e-06     1.6720    170.450     56.547     24.771    25.5203    19.6012    1477.76 0.0000e+00
        751 149.404866     24.000     9.7201  28.429999     0.2770 -4.315e-08     1.6762    170.673     56.592     23.780    25.5020    19.5895    1477.65 0.0000e+00
        757 149.404885     23.000     9.7088  28.408624     0.2803 1.1231e-05     1.6798    171.392     56.812     22.789    25.4893    19.5813    1477.58 0.0000e+00
        764 149.404905     22.000     9.6987  28.382487     0.2765 4.0644e-06     1.6840    171.918     56.967     21.799    25.4709    19.5684    1477.50 0.0000e+00
        771 149.404925     21.000     9.6879  28.359114     0.2878 4.1506e-06     1.6867    172.114     57.012     20.808    25.4557    19.5582    1477.43 0.0000e+00
        778 149.404944     20.000     9.6781  28.339458     0.2791 1.8029e-07     1.6886    172.245     57.038     19.817    25.4436    19.5501    1477.36 0.0000e+00
        784 149.404964     19.000     9.6688  28.318919     0.2761 7.3773e-06     1.6894    172.170     56.997     18.826    25.4302    19.5410    1477.29 0.0000e+00
        791 149.404983     18.000     9.6509  28.272308     0.2777 9.8581e-04     1.6898    172.205     56.974     17.835    25.3971    19.5179    1477.17 0.0000e+00
        798 149.405003     17.000     9.6118  28.195986     0.2785 1.4810e-02     1.6892    171.948     56.821     16.845    25.3495    19.4865    1476.95 0.0000e+00
        805 149.405022     16.000     9.5508  28.072781     0.2782 3.9898e-02     1.6857    170.865     56.358     15.854    25.2707    19.4339    1476.61 0.0000e+00
        811 149.405041     15.000     9.4808  27.948612     0.2856 8.1194e-02     1.6773    168.947     55.612     14.863    25.1969    19.3866    1476.24 0.0000e+00
        818 149.405060     14.000     9.3900  27.811963     0.2924 1.3326e-01     1.6667    167.686     55.059     13.872    25.1253    19.3436    1475.80 0.0000e+00
        824 149.405079     13.000     9.3242  27.718265     0.3053 2.0804e-01     1.6558    166.342     54.521     12.881    25.0784    19.3165    1475.48 0.0000e+00
        831 149.405098     12.000     9.2773  27.634761     0.3190 3.1129e-01     1.6451    164.701     53.908     11.890    25.0284    19.2841    1475.23 0.0000e+00
        837 149.405117     11.000     9.2363  27.548313     0.3290 4.6518e-01     1.6324    162.815     53.223     10.900    24.9712    19.2453    1474.99 0.0000e+00
        844 149.405136     10.000     9.1869  27.433349     0.3658 6.8508e-01     1.6196    160.767     52.467      9.909    24.8913    19.1899    1474.68 0.0000e+00
        851 149.405155      9.000     9.1440  27.325483     0.4076 1.0284e+00     1.6027    156.489     50.996      8.918    24.8137    19.1353    1474.41 0.0000e+00
        857 149.405174      8.000     9.1004  27.195491     0.5318 1.5713e+00     1.5733    149.914     48.775      7.927    24.7144    19.0639    1474.11 0.0000e+00
        863 149.405192      7.000     9.0581  27.051310     0.7604 2.4313e+00     1.5448    151.101     49.076      6.936    24.5998    18.9803    1473.79 0.0000e+00
        870 149.405210      6.000     9.0926  26.928078     1.4143 4.1748e+00     1.5662    174.580     56.696      5.945    24.4533    18.8613    1473.73 0.0000e+00
        876 149.405229      5.000     9.7978  26.810980     3.6987 7.1826e+00     1.7012    213.691     70.259      4.954    23.8662    18.3037    1475.65 0.0000e+00
        883 149.405249      4.000    11.4010  26.566929     5.4327 1.2584e+01     1.8990    233.660     78.949      3.964    22.6174    17.0904    1479.99 0.0000e+00
        890 149.405270      3.000    12.8016  26.216772     6.3263 2.1931e+01     2.0604    235.129     81.281      2.973    21.4709    15.9729    1483.57 0.0000e+00
        899 149.405295      2.000    13.4490  26.000535     6.9984 3.9143e+01     2.1529    234.417     81.872      1.982    20.9158    15.4326    1485.15 0.0000e+00
        908 149.405321      1.000    13.6517  25.874200     3.6805 9.2446e+01     2.1790    228.964     80.200      0.991    20.6946    15.2262    1485.57 0.0000e+00
