CTD_data_day1/sbe55_sbe19p_5262_20260529_re3_1m.cnv
* Sea-Bird SBE 19plus Data File:
* FileName = C:\Data\sbe55_sbe19p_5262\2026-05-29\sbe55_sbe19p_5262_20260529_re3067.hex
* Software Version SeatermAF 2.1.4
* Temperature SN = 5262
* Conductivity SN = 5262
* System UpLoad Time = May 29 2026 10:47:36 (localtime) = May 29 2026 10:47:36 (UTC)
* ds
* SeacatPlus V 1.6b  SERIAL NO. 5262    29 May 2026  10:47:06
# nquan = 15
# nvalues = 185                         
# units = specified
# name 0 = scan: Scan Count
# name 1 = timeJ: Julian Days
# name 2 = prdM: Pressure, Strain Gauge [db]
# name 3 = tv290C: Temperature [ITS-90, deg C]
# name 4 = c0mS/cm: Conductivity [mS/cm]
# name 5 = wetStar: Fluorescence, WET Labs WETstar [mg/m^3]
# name 6 = par: PAR/Irradiance, Biospherical/Licor [umol photons/m^2/sec]
# name 7 = sbeox0V: Oxygen raw, SBE 43 [V]
# name 8 = sbeox0Mm/L: Oxygen, SBE 43 [umol/l], WS = 2
# name 9 = sbeox0PS: Oxygen, SBE 43 [% saturation], WS = 2
# name 10 = depSM: Depth [salt water, m], lat = 56
# name 11 = sal00: Salinity, Practical [PSU]
# name 12 = sigma-é00: Density [sigma-theta, kg/m^3]
# name 13 = svCM: Sound Velocity [Chen-Millero, m/s]
# name 14 = flag: flag
# span 0 =        342,       1687       
# span 1 = 149.440108, 149.443998       
# span 2 =      1.000,     93.000       
# span 3 =     9.1199,    13.1384       
# span 4 =  26.138361,  31.077030       
# span 5 =     0.2138,     8.7581       
# span 6 = -2.000e-04, 6.1333e+01       
# span 7 =     1.1325,     2.2103       
# span 8 =     86.363,    239.807       
# span 9 =     29.937,     81.156       
# span 10 =      0.991,     92.133      
# span 11 =    21.2089,    26.8796      
# span 12 =    15.7131,    20.4049      
# span 13 =    1473.93,    1486.34      
# span 14 = 0.0000e+00, 0.0000e+00      
# interval = decibars: 1                
# start_time = May 29 2026 10:32:20 [Instrument's time stamp, header]
# bad_flag = -9.990e-29
*END*
        342 149.440108      1.000    13.1384  26.138361     6.7161 6.1333e+01     2.2103    233.148     81.043      0.991    21.2089    15.7131    1484.41 0.0000e+00
        353 149.440139      2.000    13.0098  26.337673     7.1286 2.9866e+01     2.1634    224.532     77.958      1.982    21.4593    15.9285    1484.28 0.0000e+00
        361 149.440162      3.000    12.3264  26.895556     7.1009 1.6225e+01     2.1341    221.422     76.195      2.973    22.3602    16.7406    1482.97 0.0000e+00
        369 149.440184      4.000    11.8072  27.032172     7.3881 9.4582e+00     2.0832    213.015     72.685      3.964    22.7973    17.1650    1481.67 0.0000e+00
        376 149.440205      5.000    10.8806  26.892627     8.7581 5.5520e+00     2.0200    200.734     67.328      4.955    23.2437    17.6580    1478.88 0.0000e+00
        383 149.440226      6.000     9.9556  26.850603     7.8453 3.2960e+00     1.8927    172.728     56.952      5.945    23.7977    18.2281    1476.17 0.0000e+00
        390 149.440247      7.000     9.3945  26.835019     3.7085 2.0064e+00     1.7536    160.545     52.390      6.936    24.1554    18.5870    1474.52 0.0000e+00
        397 149.440267      8.000     9.1668  26.890789     1.4721 1.3336e+00     1.6726    162.109     52.702      7.927    24.3647    18.7819    1473.94 0.0000e+00
        404 149.440287      9.000     9.1199  26.986621     0.6995 8.7057e-01     1.6583    173.904     56.523      8.918    24.4920    18.8877    1473.93 0.0000e+00
        411 149.440308     10.000     9.1675  27.162338     0.4291 5.7226e-01     1.6962    185.974     60.567      9.909    24.6342    18.9920    1474.30 0.0000e+00
        418 149.440328     11.000     9.2927  27.363452     0.3507 4.0331e-01     1.7367    187.098     61.150     10.900    24.7478    19.0632    1474.93 0.0000e+00
        425 149.440348     12.000     9.3299  27.419280     0.3280 2.7434e-01     1.7636    193.955     63.456     11.891    24.7773    19.0809    1475.12 0.0000e+00
        432 149.440368     13.000     9.4312  27.639569     0.2989 1.8197e-01     1.8145    200.208     65.713     12.881    24.9255    19.1821    1475.70 0.0000e+00
        439 149.440388     14.000     9.6143  27.851197     0.2857 1.1886e-01     1.8269    192.339     63.424     13.872    25.0077    19.2198    1476.50 0.0000e+00
        446 149.440407     15.000     9.5640  27.910632     0.2754 7.1816e-02     1.8233    192.843     63.557     14.863    25.1012    19.3000    1476.44 0.0000e+00
        452 149.440426     16.000     9.6177  28.063390     0.2626 3.5769e-02     1.8274    194.517     64.233     15.854    25.2144    19.3804    1476.79 0.0000e+00
        459 149.440446     17.000     9.7081  28.184268     0.2649 8.1352e-03     1.8378    196.385     65.004     16.845    25.2702    19.4107    1477.22 0.0000e+00
        466 149.440465     18.000     9.7942  28.293364     0.2538 -2.000e-04     1.8483    196.902     65.319     17.835    25.3171    19.4345    1477.61 0.0000e+00
        472 149.440484     19.000     9.8514  28.366347     0.2532 -9.694e-08     1.8556    197.409     65.585     18.826    25.3485    19.4506    1477.88 0.0000e+00
        479 149.440503     20.000     9.8861  28.424683     0.2501 4.0629e-06     1.8630    198.608     66.048     19.817    25.3812    19.4709    1478.06 0.0000e+00
        485 149.440522     21.000     9.9259  28.496289     0.2351 9.7823e-06     1.8734    200.700     66.820     20.808    25.4233    19.4977    1478.27 0.0000e+00
        492 149.440541     22.000     9.9848  28.593877     0.2302 8.4206e-06     1.8868    202.750     67.614     21.799    25.4774    19.5310    1478.57 0.0000e+00
        499 149.440560     23.000    10.0385  28.690604     0.2254 2.3876e-06     1.9015    204.545     68.319     22.789    25.5342    19.5672    1478.86 0.0000e+00
        505 149.440580     24.000    10.0818  28.773513     0.2342 1.2004e-05     1.9138    205.568     68.749     23.780    25.5845    19.5998    1479.09 0.0000e+00
        512 149.440599     25.000    10.1050  28.821206     0.2388 9.7500e-08     1.9257    207.204     69.345     24.771    25.6145    19.6197    1479.23 0.0000e+00
        519 149.440618     26.000    10.1199  28.859199     0.2167 1.0041e-05     1.9364    208.361     69.767     25.762    25.6408    19.6379    1479.34 0.0000e+00
        525 149.440637     27.000    10.1345  28.890020     0.2138 1.8332e-06     1.9460    208.957     69.998     26.753    25.6603    19.6508    1479.43 0.0000e+00
        532 149.440656     28.000    10.1480  28.924710     0.2202 2.0750e-06     1.9476    206.953     69.358     27.743    25.6844    19.6675    1479.52 0.0000e+00
        538 149.440675     29.000    10.1552  28.958644     0.2145 1.3420e-08     1.9380    203.568     68.247     28.734    25.7122    19.6881    1479.60 0.0000e+00
        545 149.440695     30.000    10.1459  28.959688     0.2185 1.0000e-12     1.9275    203.347     68.162     29.725    25.7194    19.6952    1479.59 0.0000e+00
        552 149.440714     31.000    10.1450  28.972036     0.2216 2.0098e-06     1.9230    203.138     68.096     30.716    25.7319    19.7050    1479.62 0.0000e+00
        558 149.440733     32.000    10.1481  28.986574     0.2264 1.7027e-08     1.9150    200.427     67.197     31.706    25.7435    19.7136    1479.66 0.0000e+00
        565 149.440753     33.000    10.1452  28.992639     0.2334 1.0000e-12     1.9024    198.598     66.583     32.697    25.7511    19.7200    1479.68 0.0000e+00
        572 149.440772     34.000    10.1361  28.994587     0.2340 1.0000e-12     1.8873    195.383     65.495     33.688    25.7592    19.7276    1479.67 0.0000e+00
        579 149.440792     35.000    10.1270  28.996254     0.2313 1.9772e-06     1.8659    189.945     63.662     34.678    25.7669    19.7350    1479.66 0.0000e+00
        586 149.440812     36.000    10.1118  28.987148     0.2401 -4.370e-09     1.8325    186.001     62.320     35.669    25.7684    19.7385    1479.62 0.0000e+00
        592 149.440831     37.000    10.0781  28.989715     0.2463 1.0000e-12     1.8199    188.836     63.233     36.660    25.7945    19.7640    1479.55 0.0000e+00
        599 149.440851     38.000    10.1011  29.029812     0.2471 1.0742e-05     1.8213    189.294     63.428     37.651    25.8171    19.7781    1479.68 0.0000e+00
        606 149.440871     39.000    10.1196  29.052744     0.2387 6.3181e-06     1.8142    186.662     62.575     38.641    25.8261    19.7822    1479.77 0.0000e+00
        613 149.440891     40.000    10.1160  29.060348     0.2471 1.7414e-07     1.8075    186.748     62.603     39.632    25.8357    19.7903    1479.79 0.0000e+00
        620 149.440910     41.000    10.1255  29.082437     0.2437 3.9480e-06     1.8047    186.407     62.508     40.623    25.8502    19.8002    1479.86 0.0000e+00
        627 149.440930     42.000    10.1320  29.096335     0.2448 1.2356e-05     1.8000    185.203     62.116     41.614    25.8588    19.8059    1479.91 0.0000e+00
        633 149.440950     43.000    10.1264  29.094592     0.2461 8.2096e-06     1.7941    184.302     61.807     42.604    25.8608    19.8083    1479.90 0.0000e+00
        640 149.440970     44.000    10.1280  29.107122     0.2442 1.8493e-06     1.7900    184.768     61.970     43.595    25.8716    19.8165    1479.94 0.0000e+00
        647 149.440990     45.000    10.1421  29.136174     0.2367 4.2620e-06     1.7896    185.310     62.178     44.586    25.8896    19.8284    1480.03 0.0000e+00
        654 149.441010     46.000    10.1523  29.157600     0.2384 -4.348e-08     1.7987    188.654     63.320     45.576    25.9030    19.8373    1480.10 0.0000e+00
        661 149.441030     47.000    10.1791  29.198555     0.2314 1.0000e-12     1.8050    185.581     62.333     46.567    25.9236    19.8492    1480.24 0.0000e+00
        668 149.441051     48.000    10.1898  29.217939     0.2384 1.0000e-12     1.7852    179.952     60.462     47.558    25.9346    19.8561    1480.31 0.0000e+00
        675 149.441071     49.000    10.1858  29.232071     0.2481 1.0000e-12     1.7791    184.776     62.083     48.548    25.9510    19.8695    1480.33 0.0000e+00
        682 149.441091     50.000    10.2082  29.278684     0.2382 1.0000e-12     1.7787    176.956     59.496     49.539    25.9802    19.8888    1480.46 0.0000e+00
        689 149.441111     51.000    10.2209  29.303004     0.2508 1.0000e-12     1.7348    171.324     57.624     50.530    25.9946    19.8980    1480.54 0.0000e+00
        696 149.441131     52.000    10.2149  29.336826     0.2530 1.0000e-12     1.7276    174.061     58.551     51.520    26.0316    19.9278    1480.58 0.0000e+00
        703 149.441151     53.000    10.2539  29.372632     0.2617 1.0000e-12     1.7130    169.563     57.089     52.511    26.0383    19.9270    1480.75 0.0000e+00
        710 149.441171     54.000    10.2517  29.376055     0.2670 1.0000e-12     1.6944    166.869     56.182     53.502    26.0429    19.9310    1480.76 0.0000e+00
        717 149.441191     55.000    10.2527  29.379728     0.2697 1.0000e-12     1.6772    165.110     55.591     54.492    26.0454    19.9327    1480.79 0.0000e+00
        724 149.441212     56.000    10.2503  29.381776     0.2703 1.0000e-12     1.6640    163.208     54.949     55.483    26.0488    19.9358    1480.80 0.0000e+00
        731 149.441232     57.000    10.2528  29.392326     0.2629 1.0000e-12     1.6441    158.859     53.491     56.474    26.0569    19.9417    1480.83 0.0000e+00
        738 149.441253     58.000    10.2497  29.397993     0.2669 1.0000e-12     1.6227    156.246     52.609     57.464    26.0644    19.9480    1480.85 0.0000e+00
        745 149.441273     59.000    10.2484  29.401991     0.2790 1.0000e-12     1.6041    153.770     51.776     58.455    26.0689    19.9517    1480.87 0.0000e+00
        752 149.441294     60.000    10.2453  29.403233     0.2750 1.0000e-12     1.5802    148.442     49.980     59.446    26.0719    19.9546    1480.87 0.0000e+00
        759 149.441314     61.000    10.2466  29.422558     0.2813 1.0000e-12     1.5528    145.277     48.921     60.436    26.0895    19.9681    1480.92 0.0000e+00
        766 149.441335     62.000    10.2583  29.443273     0.2863 1.0000e-12     1.5316    143.082     48.198     61.427    26.1010    19.9753    1480.99 0.0000e+00
        773 149.441355     63.000    10.2651  29.458840     0.2766 1.0000e-12     1.5079    137.021     46.166     62.417    26.1110    19.9820    1481.04 0.0000e+00
        781 149.441376     64.000    10.2806  29.502479     0.2891 1.0000e-12     1.4655    128.167     43.206     63.408    26.1422    20.0039    1481.15 0.0000e+00
        788 149.441397     65.000    10.3334  29.607770     0.2920 1.0000e-12     1.4197    122.506     41.363     64.398    26.2067    20.0459    1481.44 0.0000e+00
        795 149.441418     66.000    10.4084  29.730139     0.2906 1.0000e-12     1.3853    119.580     40.458     65.389    26.2717    20.0848    1481.81 0.0000e+00
        802 149.441438     67.000    10.4698  29.820867     0.2921 1.0000e-12     1.3602    117.422     39.793     66.380    26.3156    20.1092    1482.11 0.0000e+00
        809 149.441459     68.000    10.5207  29.887218     0.2899 1.0000e-12     1.3445    116.358     39.483     67.370    26.3430    20.1226    1482.34 0.0000e+00
        817 149.441481     69.000    10.5538  29.942128     0.2963 1.0000e-12     1.3302    113.462     38.536     68.361    26.3722    20.1401    1482.51 0.0000e+00
        824 149.441502     70.000    10.6240  30.063923     0.2978 1.0000e-12     1.3113    110.216     37.507     69.351    26.4395    20.1812    1482.86 0.0000e+00
        832 149.441524     71.000    10.7005  30.164238     0.2979 1.0000e-12     1.2915    107.297     36.584     70.342    26.4811    20.2014    1483.21 0.0000e+00
        839 149.441545     72.000    10.7724  30.266208     0.3012 1.0000e-12     1.2748    105.151     35.920     71.332    26.5275    20.2259    1483.54 0.0000e+00
        846 149.441566     73.000    10.8332  30.362065     0.3035 1.0000e-12     1.2560    101.047     34.574     72.323    26.5759    20.2537    1483.83 0.0000e+00
        854 149.441588     74.000    10.9453  30.550098     0.3071 1.0000e-12     1.2315     97.646     33.513     73.313    26.6758    20.3131    1484.37 0.0000e+00
        861 149.441610     75.000    11.0493  30.660972     0.3145 1.0000e-12     1.2149     96.543     33.216     74.304    26.7068    20.3202    1484.80 0.0000e+00
        869 149.441631     76.000    11.0811  30.707666     0.3210 1.0000e-12     1.2030     95.041     32.727     75.295    26.7284    20.3317    1484.96 0.0000e+00
        876 149.441653     77.000    11.1295  30.770807     0.3219 1.0000e-12     1.1937     94.379     32.538     76.285    26.7535    20.3433    1485.18 0.0000e+00
        884 149.441675     78.000    11.1426  30.780863     0.3116 1.0000e-12     1.1885     94.164     32.473     77.276    26.7533    20.3410    1485.24 0.0000e+00
        892 149.441698     79.000    11.1488  30.787765     0.3058 1.0000e-12     1.1857     94.074     32.447     78.266    26.7551    20.3414    1485.28 0.0000e+00
        899 149.441720     80.000    11.1524  30.791371     0.3059 1.0000e-12     1.1837     93.802     32.356     79.257    26.7556    20.3412    1485.31 0.0000e+00
        907 149.441743     81.000    11.1561  30.798925     0.3194 1.0000e-12     1.1814     93.381     32.214     80.247    26.7598    20.3439    1485.34 0.0000e+00
        915 149.441766     82.000    11.1729  30.825564     0.3207 1.0000e-12     1.1785     92.738     32.007     81.238    26.7729    20.3513    1485.44 0.0000e+00
        923 149.441789     83.000    11.1941  30.860533     0.3205 1.0000e-12     1.1730     91.561     31.618     82.228    26.7907    20.3616    1485.55 0.0000e+00
        931 149.441812     84.000    11.2262  30.902625     0.3214 1.0000e-12     1.1680     91.232     31.530     83.219    26.8074    20.3692    1485.70 0.0000e+00
        939 149.441836     85.000    11.2366  30.912094     0.3203 1.0000e-12     1.1654     91.047     31.473     84.209    26.8085    20.3684    1485.75 0.0000e+00
        948 149.441859     86.000    11.2387  30.913170     0.3225 1.0000e-12     1.1638     90.875     31.415     85.200    26.8076    20.3674    1485.78 0.0000e+00
        956 149.441882     87.000    11.2431  30.926093     0.3205 1.0000e-12     1.1588     88.963     30.759     86.190    26.8165    20.3735    1485.82 0.0000e+00
        964 149.441906     88.000    11.2960  31.020532     0.3245 1.0000e-12     1.1477     87.232     30.205     87.181    26.8682    20.4049    1486.08 0.0000e+00
        972 149.441929     89.000    11.3365  31.055638     0.3283 1.0000e-12     1.1410     86.982     30.145     88.171    26.8720    20.4010    1486.25 0.0000e+00
        980 149.441952     90.000    11.3418  31.060746     0.3294 1.0000e-12     1.1380     87.033     30.166     89.162    26.8727    20.4007    1486.29 0.0000e+00
        988 149.441976     91.000    11.3377  31.053812     0.3275 1.0000e-12     1.1370     87.101     30.187     90.152    26.8687    20.3983    1486.28 0.0000e+00
        996 149.441999     92.000    11.3372  31.054067     0.3248 1.0000e-12     1.1365     86.993     30.149     91.143    26.8690    20.3986    1486.30 0.0000e+00
       1012 149.442045     93.000    11.3402  31.058508     0.3166 1.0000e-12     1.1351     86.933     30.130     92.133    26.8706    20.3994    1486.33 0.0000e+00
       1026 149.442086     92.000    11.3365  31.052885     0.3166 1.0000e-12     1.1354     86.842     30.096     91.142    26.8683    20.3983    1486.30 0.0000e+00
       1034 149.442109     91.000    11.3438  31.067500     0.3191 1.0000e-12     1.1335     86.363     29.937     90.152    26.8773    20.4040    1486.32 0.0000e+00
       1042 149.442132     90.000    11.3536  31.077030     0.3188 1.0000e-12     1.1325     86.467     29.979     89.162    26.8796    20.4041    1486.34 0.0000e+00
