CTD_data_day1/sbe55_sbe19p_5262_20260529_re5.cnv
* Sea-Bird SBE 19plus Data File:
* FileName = C:\Data\sbe55_sbe19p_5262\2026-05-29\sbe55_sbe19p_5262_20260529_re5064.hex
* Software Version SeatermAF 2.1.4
* Temperature SN = 5262
* Conductivity SN = 5262
* System UpLoad Time = May 29 2026 08:08:10 (localtime) = May 29 2026 08:08:10 (UTC)
* ds
* SeacatPlus V 1.6b  SERIAL NO. 5262    29 May 2026  08:07:38
# nquan = 15                                
# nvalues = 2410                        
# units = specified
# name 0 = scan: Scan Count
# name 1 = timeJ: Julian Days
# name 2 = prdM: Pressure, Strain Gauge [db]
# name 3 = tv290C: Temperature [ITS-90, deg C]
# name 4 = c0mS/cm: Conductivity [mS/cm]
# name 5 = wetStar: Fluorescence, WET Labs WETstar [mg/m^3]
# name 6 = par: PAR/Irradiance, Biospherical/Licor [umol photons/m^2/sec]
# name 7 = sbeox0V: Oxygen raw, SBE 43 [V]
# name 8 = sbeox0Mm/L: Oxygen, SBE 43 [umol/l], WS = 2
# name 9 = sbeox0PS: Oxygen, SBE 43 [% saturation], WS = 2
# name 10 = depSM: Depth [salt water, m], lat = 56
# name 11 = sal00: Salinity, Practical [PSU]
# name 12 = sigma-é00: Density [sigma-theta, kg/m^3]
# name 13 = svCM: Sound Velocity [Chen-Millero, m/s]
# name 14 = flag: flag
# span 0 =        301,       2710       
# span 1 = 149.326065, 149.333035       
# span 2 =     -0.163,    141.222       
# span 3 =     9.6041,    11.5190       
# span 4 =   2.352278,  31.322487       
# span 5 =    -0.0238,     2.0325       
# span 6 = 1.0000e-12, 4.7801e+02       
# span 7 =     1.0776,     2.0990       
# span 8 =     78.693,    243.856       
# span 9 =     27.398,     76.729       
# span 10 =     -0.162,    139.889      
# span 11 =     1.6898,    26.9758      
# span 12 =     0.9328,    20.4519      
# span 13 =    1453.15,    1487.88      
# span 14 = 0.0000e+00, 0.0000e+00      
# interval = seconds: 0.25
# start_time = May 29 2026 07:48:17 [Instrument's time stamp, header]
# bad_flag = -9.990e-29
*END*
[from data line 2025]
       2326 149.331924     40.741    10.4817  29.475054     0.4290 1.0000e-12     2.0511    221.255     74.840     40.366    25.9799    19.8460    1481.31 0.0000e+00
       2327 149.331927     40.619    10.4817  29.473652     0.4257 1.0000e-12     2.0512    221.290     74.851     40.245    25.9786    19.8450    1481.31 0.0000e+00
       2328 149.331930     40.498    10.4818  29.471471     0.4343 1.0000e-12     2.0511    221.179     74.813     40.126    25.9765    19.8433    1481.30 0.0000e+00
       2329 149.331933     40.376    10.4817  29.468584     0.4352 1.0000e-12     2.0518    221.242     74.833     40.005    25.9738    19.8412    1481.30 0.0000e+00
       2330 149.331936     40.254    10.4809  29.465317     0.4352 1.0000e-12     2.0514    221.150     74.799     39.884    25.9712    19.8394    1481.29 0.0000e+00
       2331 149.331939     40.130    10.4795  29.461941     0.4347 1.0000e-12     2.0515    221.183     74.807     39.761    25.9690    19.8378    1481.28 0.0000e+00
       2332 149.331942     40.007    10.4776  29.457874     0.4298 1.0000e-12     2.0514    221.192     74.805     39.639    25.9664    19.8362    1481.27 0.0000e+00
       2333 149.331944     39.885    10.4750  29.452710     0.4207 1.0000e-12     2.0514    221.236     74.815     39.518    25.9633    19.8341    1481.25 0.0000e+00
       2334 149.331947     39.763    10.4717  29.447162     0.4286 1.0000e-12     2.0517    221.365     74.852     39.397    25.9603    19.8323    1481.23 0.0000e+00
       2335 149.331950     39.643    10.4678  29.441410     0.4125 1.0000e-12     2.0519    221.497     74.888     39.278    25.9575    19.8308    1481.22 0.0000e+00
       2336 149.331953     39.523    10.4635  29.434573     0.4088 1.0000e-12     2.0520    221.615     74.919     39.160    25.9540    19.8287    1481.19 0.0000e+00
       2337 149.331956     39.402    10.4588  29.426904     0.4121 1.0000e-12     2.0525    221.755     74.957     39.040    25.9499    19.8262    1481.17 0.0000e+00
       2338 149.331959     39.280    10.4535  29.420233     0.3973 1.0000e-12     2.0524    221.812     74.966     38.919    25.9472    19.8250    1481.14 0.0000e+00
       2339 149.331962     39.155    10.4483  29.415578     0.4026 1.0000e-12     2.0532    221.963     75.008     38.795    25.9464    19.8252    1481.12 0.0000e+00
       2340 149.331965     39.030    10.4440  29.412537     0.3890 1.0000e-12     2.0535    221.991     75.011     38.671    25.9466    19.8260    1481.11 0.0000e+00
       2341 149.331968     38.905    10.4410  29.410396     0.4026 1.0000e-12     2.0537    222.057     75.028     38.547    25.9467    19.8265    1481.09 0.0000e+00
       2342 149.331970     38.780    10.4392  29.408460     0.4030 1.0000e-12     2.0543    222.120     75.046     38.424    25.9461    19.8263    1481.08 0.0000e+00
       2343 149.331973     38.656    10.4382  29.406551     0.4067 1.0000e-12     2.0543    222.064     75.025     38.301    25.9450    19.8256    1481.08 0.0000e+00
       2344 149.331976     38.533    10.4379  29.405533     0.4141 1.0000e-12     2.0542    222.005     75.004     38.179    25.9443    19.8251    1481.07 0.0000e+00
       2345 149.331979     38.408    10.4384  29.406297     0.4166 1.0000e-12     2.0553    222.103     75.038     38.055    25.9447    19.8254    1481.07 0.0000e+00
       2346 149.331982     38.283    10.4402  29.408320     0.4096 1.0000e-12     2.0549    221.896     74.972     37.931    25.9454    19.8257    1481.08 0.0000e+00
       2347 149.331985     38.158    10.4431  29.410150     0.4137 1.0000e-12     2.0553    221.860     74.964     37.807    25.9452    19.8250    1481.09 0.0000e+00
       2348 149.331988     38.034    10.4464  29.411024     0.4158 1.0000e-12     2.0552    221.690     74.912     37.684    25.9437    19.8234    1481.09 0.0000e+00
       2349 149.331991     37.911    10.4492  29.410924     0.4088 1.0000e-12     2.0552    221.533     74.862     37.563    25.9417    19.8213    1481.10 0.0000e+00
       2350 149.331994     37.790    10.4514  29.409851     0.4179 1.0000e-12     2.0545    221.401     74.820     37.443    25.9391    19.8190    1481.10 0.0000e+00
       2351 149.331997     37.669    10.4529  29.407903     0.4109 1.0000e-12     2.0546    221.383     74.815     37.323    25.9362    19.8165    1481.10 0.0000e+00
       2352 149.331999     37.547    10.4540  29.405323     0.4088 1.0000e-12     2.0540    221.296     74.786     37.202    25.9330    19.8138    1481.10 0.0000e+00
       2353 149.332002     37.422    10.4543  29.402108     0.4191 1.0000e-12     2.0540    221.419     74.827     37.078    25.9297    19.8112    1481.10 0.0000e+00
       2354 149.332005     37.297    10.4539  29.398113     0.4232 1.0000e-12     2.0539    221.527     74.861     36.954    25.9261    19.8085    1481.09 0.0000e+00
       2355 149.332008     37.171    10.4526  29.393342     0.4034 1.0000e-12     2.0540    221.598     74.881     36.829    25.9224    19.8058    1481.08 0.0000e+00
       2356 149.332011     37.048    10.4506  29.387824     0.4043 1.0000e-12     2.0536    221.635     74.888     36.708    25.9185    19.8031    1481.06 0.0000e+00
       2357 149.332014     36.925    10.4481  29.381229     0.4113 1.0000e-12     2.0546    221.866     74.960     36.586    25.9139    19.7999    1481.05 0.0000e+00
       2358 149.332017     36.803    10.4451  29.374163     0.3964 1.0000e-12     2.0544    221.911     74.968     36.465    25.9092    19.7967    1481.03 0.0000e+00
       2359 149.332020     36.680    10.4418  29.368345     0.4026 1.0000e-12     2.0543    221.885     74.952     36.343    25.9060    19.7947    1481.01 0.0000e+00
       2360 149.332023     36.557    10.4389  29.364393     0.4150 1.0000e-12     2.0545    221.873     74.942     36.221    25.9042    19.7938    1480.99 0.0000e+00
       2361 149.332025     36.435    10.4368  29.361763     0.3931 1.0000e-12     2.0551    221.874     74.939     36.100    25.9032    19.7933    1480.98 0.0000e+00
       2362 149.332028     36.312    10.4357  29.359618     0.4047 1.0000e-12     2.0552    221.943     74.960     35.978    25.9019    19.7925    1480.98 0.0000e+00
       2363 149.332031     36.190    10.4355  29.357476     0.4018 1.0000e-12     2.0547    221.818     74.916     35.858    25.9000    19.7911    1480.97 0.0000e+00
       2364 149.332034     36.067    10.4359  29.355607     0.4006 1.0000e-12     2.0545    221.718     74.882     35.736    25.8980    19.7894    1480.97 0.0000e+00
       2365 149.332037     35.944    10.4366  29.353917     0.3977 1.0000e-12     2.0547    221.727     74.885     35.614    25.8959    19.7877    1480.97 0.0000e+00
       2366 149.332040     35.820    10.4372  29.351855     0.4034 1.0000e-12     2.0553    221.843     74.924     35.491    25.8935    19.7857    1480.96 0.0000e+00
       2367 149.332043     35.696    10.4374  29.349116     0.3923 1.0000e-12     2.0546    221.789     74.905     35.368    25.8907    19.7835    1480.96 0.0000e+00
       2368 149.332046     35.572    10.4369  29.345383     0.4076 1.0000e-12     2.0546    221.854     74.925     35.245    25.8875    19.7811    1480.95 0.0000e+00
       2369 149.332049     35.448    10.4356  29.340570     0.3968 1.0000e-12     2.0550    221.893     74.934     35.122    25.8838    19.7784    1480.94 0.0000e+00
       2370 149.332052     35.324    10.4334  29.335061     0.4117 1.0000e-12     2.0549    221.947     74.947     35.000    25.8800    19.7758    1480.93 0.0000e+00
       2371 149.332054     35.202    10.4303  29.328946     0.4034 1.0000e-12     2.0549    222.079     74.984     34.879    25.8763    19.7734    1480.91 0.0000e+00
       2372 149.332057     35.079    10.4266  29.322505     0.3795 1.0000e-12     2.0556    222.244     75.032     34.757    25.8727    19.7712    1480.89 0.0000e+00
       2373 149.332060     34.956    10.4223  29.315856     0.3973 1.0000e-12     2.0551    222.234     75.020     34.635    25.8694    19.7693    1480.87 0.0000e+00
       2374 149.332063     34.834    10.4176  29.308636     0.3878 1.0000e-12     2.0559    222.438     75.079     34.514    25.8657    19.7671    1480.84 0.0000e+00
       2375 149.332066     34.711    10.4125  29.301246     0.3857 1.0000e-12     2.0561    222.479     75.083     34.392    25.8622    19.7652    1480.82 0.0000e+00
       2376 149.332069     34.587    10.4070  29.294281     0.3878 1.0000e-12     2.0564    222.526     75.089     34.269    25.8593    19.7638    1480.79 0.0000e+00
       2377 149.332072     34.463    10.4015  29.288229     0.3742 1.0000e-12     2.0568    222.621     75.110     34.147    25.8574    19.7632    1480.77 0.0000e+00
       2378 149.332075     34.338    10.3965  29.283336     0.3758 1.0000e-12     2.0571    222.608     75.097     34.023    25.8562    19.7630    1480.75 0.0000e+00
       2379 149.332078     34.214    10.3923  29.278993     0.3787 1.0000e-12     2.0569    222.482     75.047     33.900    25.8550    19.7628    1480.73 0.0000e+00
       2380 149.332080     34.091    10.3889  29.274191     0.3688 1.0000e-12     2.0573    222.398     75.012     33.778    25.8528    19.7616    1480.71 0.0000e+00
       2381 149.332083     33.967    10.3859  29.269261     0.3725 1.0000e-12     2.0574    222.366     74.995     33.655    25.8502    19.7600    1480.69 0.0000e+00
       2382 149.332086     33.843    10.3833  29.266120     0.3680 1.0000e-12     2.0575    222.365     74.990     33.532    25.8490    19.7595    1480.68 0.0000e+00
       2383 149.332089     33.718    10.3818  29.265276     0.4343 1.0000e-12     2.0567    222.211     74.936     33.408    25.8493    19.7599    1480.67 0.0000e+00
       2384 149.332092     33.594    10.3817  29.265624     0.3841 1.0000e-12     2.0562    222.060     74.885     33.286    25.8497    19.7603    1480.67 0.0000e+00
       2385 149.332095     33.472    10.3830  29.266643     0.3709 1.0000e-12     2.0569    222.121     74.908     33.165    25.8498    19.7602    1480.67 0.0000e+00
       2386 149.332098     33.353    10.3854  29.268166     0.3779 1.0000e-12     2.0569    222.092     74.902     33.047    25.8497    19.7597    1480.68 0.0000e+00
       2387 149.332101     33.234    10.3889  29.269608     0.3853 1.0000e-12     2.0564    222.011     74.880     32.929    25.8486    19.7583    1480.69 0.0000e+00
       2388 149.332104     33.114    10.3930  29.270030     0.3820 1.0000e-12     2.0561    221.889     74.844     32.810    25.8462    19.7558    1480.70 0.0000e+00
       2389 149.332106     32.993    10.3972  29.268302     0.3898 1.0000e-12     2.0559    221.702     74.786     32.690    25.8416    19.7515    1480.71 0.0000e+00
       2390 149.332109     32.870    10.4001  29.264600     0.3812 1.0000e-12     2.0556    221.577     74.746     32.568    25.8359    19.7467    1480.71 0.0000e+00
       2391 149.332112     32.748    10.4010  29.260557     0.3919 1.0000e-12     2.0553    221.452     74.703     32.447    25.8314    19.7430    1480.71 0.0000e+00
       2392 149.332115     32.627    10.4003  29.256479     0.3762 1.0000e-12     2.0550    221.315     74.654     32.328    25.8280    19.7405    1480.70 0.0000e+00
       2393 149.332118     32.507    10.3986  29.251280     0.3919 1.0000e-12     2.0543    221.151     74.594     32.209    25.8242    19.7378    1480.68 0.0000e+00
       2394 149.332121     32.386    10.3959  29.244890     0.3775 1.0000e-12     2.0537    221.009     74.540     32.089    25.8199    19.7349    1480.67 0.0000e+00
       2395 149.332124     32.263    10.3923  29.238015     0.3758 1.0000e-12     2.0528    220.787     74.457     31.967    25.8158    19.7322    1480.65 0.0000e+00
       2396 149.332127     32.139    10.3878  29.230487     0.3762 1.0000e-12     2.0522    220.677     74.411     31.844    25.8117    19.7298    1480.62 0.0000e+00
       2397 149.332130     32.015    10.3826  29.221747     0.3754 1.0000e-12     2.0518    220.722     74.415     31.721    25.8069    19.7268    1480.60 0.0000e+00
       2398 149.332133     31.893    10.3764  29.211840     0.3565 1.0000e-12     2.0510    220.577     74.353     31.600    25.8017    19.7237    1480.57 0.0000e+00
       2399 149.332135     31.773    10.3691  29.200743     0.3598 1.0000e-12     2.0497    220.425     74.288     31.481    25.7961    19.7205    1480.53 0.0000e+00
       2400 149.332138     31.654    10.3605  29.189194     0.3462 1.0000e-12     2.0493    220.392     74.260     31.364    25.7910    19.7179    1480.49 0.0000e+00
       2401 149.332141     31.533    10.3513  29.179442     0.3388 1.0000e-12     2.0495    220.410     74.250     31.244    25.7880    19.7170    1480.45 0.0000e+00
       2402 149.332144     31.411    10.3425  29.171712     0.3425 1.0000e-12     2.0475    220.274     74.189     31.123    25.7868    19.7174    1480.42 0.0000e+00
       2403 149.332147     31.287    10.3351  29.164309     0.3433 1.0000e-12     2.0472    220.338     74.197     31.000    25.7849    19.7170    1480.39 0.0000e+00
       2404 149.332150     31.162    10.3289  29.156116     0.3305 1.0000e-12     2.0465    220.329     74.183     30.876    25.7813    19.7152    1480.36 0.0000e+00
       2405 149.332153     31.037    10.3231  29.146981     0.3124 1.0000e-12     2.0453    220.273     74.152     30.752    25.7765    19.7124    1480.33 0.0000e+00
       2406 149.332156     30.914    10.3171  29.137763     0.3223 1.0000e-12     2.0459    220.527     74.225     30.630    25.7719    19.7097    1480.30 0.0000e+00
       2407 149.332159     30.791    10.3108  29.128346     0.3116 1.0000e-12     2.0450    220.376     74.162     30.509    25.7672    19.7070    1480.27 0.0000e+00
       2408 149.332161     30.669    10.3042  29.118208     0.3050 1.0000e-12     2.0450    220.444     74.172     30.388    25.7620    19.7040    1480.23 0.0000e+00
       2409 149.332164     30.546    10.2975  29.108353     0.2905 1.0000e-12     2.0446    220.428     74.153     30.266    25.7572    19.7013    1480.20 0.0000e+00
       2410 149.332167     30.424    10.2908  29.099595     0.3029 1.0000e-12     2.0437    220.240     74.077     30.145    25.7534    19.6994    1480.17 0.0000e+00
       2411 149.332170     30.301    10.2844  29.091781     0.2996 1.0000e-12     2.0427    220.216     74.057     30.023    25.7504    19.6980    1480.14 0.0000e+00
       2412 149.332173     30.178    10.2787  29.084642     0.2868 1.0000e-12     2.0428    220.316     74.080     29.901    25.7475    19.6966    1480.12 0.0000e+00
       2413 149.332176     30.056    10.2735  29.077966     0.2811 1.0000e-12     2.0423    220.381     74.092     29.780    25.7447    19.6953    1480.09 0.0000e+00
       2414 149.332179     29.934    10.2689  29.071678     0.2815 1.0000e-12     2.0417    220.415     74.095     29.659    25.7418    19.6938    1480.07 0.0000e+00
       2415 149.332182     29.811    10.2647  29.066185     0.2827 1.0000e-12     2.0420    220.609     74.152     29.538    25.7395    19.6926    1480.05 0.0000e+00
       2416 149.332185     29.688    10.2612  29.062274     0.2708 1.0000e-12     2.0418    220.694     74.174     29.416    25.7382    19.6921    1480.03 0.0000e+00
       2417 149.332188     29.564    10.2588  29.059862     0.2765 1.0000e-12     2.0416    220.797     74.204     29.293    25.7376    19.6920    1480.02 0.0000e+00
       2418 149.332190     29.439    10.2574  29.057466     0.2749 1.0000e-12     2.0411    220.811     74.206     29.169    25.7363    19.6912    1480.01 0.0000e+00
       2419 149.332193     29.315    10.2566  29.053964     0.2757 1.0000e-12     2.0417    220.947     74.249     29.046    25.7335    19.6891    1480.00 0.0000e+00
       2420 149.332196     29.191    10.2559  29.049454     0.2782 1.0000e-12     2.0421    221.156     74.317     28.923    25.7296    19.6862    1479.99 0.0000e+00
