CTD_data_day1/sbe55_sbe19p_5262_20260529_re5_1m.cnv
* Sea-Bird SBE 19plus Data File:
* FileName = C:\Data\sbe55_sbe19p_5262\2026-05-29\sbe55_sbe19p_5262_20260529_re5064.hex
* Software Version SeatermAF 2.1.4
* Temperature SN = 5262
* Conductivity SN = 5262
* System UpLoad Time = May 29 2026 08:08:10 (localtime) = May 29 2026 08:08:10 (UTC)
* ds
* SeacatPlus V 1.6b  SERIAL NO. 5262    29 May 2026  08:07:38
# nquan = 15
# nvalues = 281                         
# units = specified
# name 0 = scan: Scan Count
# name 1 = timeJ: Julian Days
# name 2 = prdM: Pressure, Strain Gauge [db]
# name 3 = tv290C: Temperature [ITS-90, deg C]
# name 4 = c0mS/cm: Conductivity [mS/cm]
# name 5 = wetStar: Fluorescence, WET Labs WETstar [mg/m^3]
# name 6 = par: PAR/Irradiance, Biospherical/Licor [umol photons/m^2/sec]
# name 7 = sbeox0V: Oxygen raw, SBE 43 [V]
# name 8 = sbeox0Mm/L: Oxygen, SBE 43 [umol/l], WS = 2
# name 9 = sbeox0PS: Oxygen, SBE 43 [% saturation], WS = 2
# name 10 = depSM: Depth [salt water, m], lat = 56
# name 11 = sal00: Salinity, Practical [PSU]
# name 12 = sigma-é00: Density [sigma-theta, kg/m^3]
# name 13 = svCM: Sound Velocity [Chen-Millero, m/s]
# name 14 = flag: flag
# span 0 =        394,       2656       
# span 1 = 149.326335, 149.332880       
# span 2 =      1.000,    141.000       
# span 3 =     9.6347,    11.5185       
# span 4 =  27.500464,  31.321754       
# span 5 =     0.2266,     1.8285       
# span 6 = -2.948e-08, 1.4396e+02       
# span 7 =     1.0787,     2.0875       
# span 8 =     79.005,    225.405       
# span 9 =     27.506,     75.992       
# span 10 =      0.991,    139.669      
# span 11 =    23.6106,    26.9753      
# span 12 =    17.8888,    20.4515      
# span 13 =    1476.21,    1487.88      
# span 14 = 0.0000e+00, 0.0000e+00      
# interval = decibars: 1                
# start_time = May 29 2026 07:48:17 [Instrument's time stamp, header]
# bad_flag = -9.990e-29
*END*
[from data line 97]
       1144 149.328503     98.000    11.4484  31.215465     0.3192 1.0000e-12     1.1120     82.822     28.785     97.085    26.9401    20.4352    1486.88 0.0000e+00
       1151 149.328526     99.000    11.4566  31.227183     0.3162 1.0000e-12     1.1081     82.379     28.637     98.076    26.9450    20.4377    1486.93 0.0000e+00
       1159 149.328547    100.000    11.4667  31.241897     0.3246 1.0000e-12     1.1055     82.137     28.561     99.066    26.9514    20.4409    1486.99 0.0000e+00
       1166 149.328569    101.000    11.4730  31.248923     0.3269 1.0000e-12     1.1035     81.848     28.464    100.056    26.9532    20.4413    1487.03 0.0000e+00
       1174 149.328591    102.000    11.4765  31.253511     0.3263 1.0000e-12     1.1011     81.605     28.382    101.047    26.9546    20.4418    1487.06 0.0000e+00
       1182 149.328613    103.000    11.4792  31.257630     0.3252 1.0000e-12     1.0995     81.402     28.313    102.037    26.9562    20.4426    1487.09 0.0000e+00
       1189 149.328634    104.000    11.4825  31.262578     0.3253 1.0000e-12     1.0983     81.356     28.300    103.028    26.9582    20.4436    1487.12 0.0000e+00
       1197 149.328657    105.000    11.4842  31.264462     0.3216 1.0000e-12     1.0970     81.201     28.247    104.018    26.9584    20.4435    1487.14 0.0000e+00
       1204 149.328679    106.000    11.4853  31.266561     0.3276 1.0000e-12     1.0965     81.190     28.244    105.009    26.9592    20.4440    1487.16 0.0000e+00
       1212 149.328702    107.000    11.4871  31.269366     0.3221 1.0000e-12     1.0958     81.061     28.200    105.999    26.9602    20.4445    1487.19 0.0000e+00
       1220 149.328724    108.000    11.4887  31.271585     0.3237 1.0000e-12     1.0951     80.995     28.178    106.989    26.9608    20.4447    1487.21 0.0000e+00
       1228 149.328747    109.000    11.4900  31.273762     0.3251 1.0000e-12     1.0944     80.824     28.120    107.980    26.9616    20.4451    1487.23 0.0000e+00
       1236 149.328769    110.000    11.4918  31.276670     0.3265 1.0000e-12     1.0935     80.842     28.127    108.970    26.9627    20.4456    1487.26 0.0000e+00
       1243 149.328791    111.000    11.4931  31.278024     0.3251 1.0000e-12     1.0932     80.771     28.103    109.960    26.9628    20.4455    1487.28 0.0000e+00
       1251 149.328813    112.000    11.4932  31.278689     0.3260 1.0000e-12     1.0930     80.805     28.116    110.951    26.9629    20.4456    1487.30 0.0000e+00
       1258 149.328835    113.000    11.4944  31.280930     0.3257 1.0000e-12     1.0925     80.673     28.070    111.941    26.9639    20.4461    1487.32 0.0000e+00
       1266 149.328856    114.000    11.4961  31.283942     0.3249 1.0000e-12     1.0919     80.550     28.029    112.931    26.9652    20.4469    1487.34 0.0000e+00
       1273 149.328878    115.000    11.4987  31.288207     0.3270 1.0000e-12     1.0910     80.419     27.985    113.922    26.9670    20.4479    1487.37 0.0000e+00
       1281 149.328900    116.000    11.5018  31.292433     0.3249 1.0000e-12     1.0902     80.337     27.959    114.912    26.9684    20.4485    1487.40 0.0000e+00
       1289 149.328923    117.000    11.5034  31.294754     0.3286 1.0000e-12     1.0892     80.103     27.878    115.903    26.9690    20.4487    1487.42 0.0000e+00
       1296 149.328945    118.000    11.5055  31.297799     0.3288 1.0000e-12     1.0882     80.027     27.853    116.893    26.9701    20.4492    1487.45 0.0000e+00
       1304 149.328967    119.000    11.5065  31.298918     0.3284 1.0000e-12     1.0871     79.915     27.815    117.883    26.9701    20.4491    1487.47 0.0000e+00
       1311 149.328989    120.000    11.5068  31.299822     0.3296 1.0000e-12     1.0866     79.925     27.819    118.874    26.9703    20.4492    1487.48 0.0000e+00
       1319 149.329011    121.000    11.5073  31.300593     0.3284 1.0000e-12     1.0865     79.962     27.832    119.864    26.9704    20.4492    1487.50 0.0000e+00
       1327 149.329033    122.000    11.5074  31.301219     0.3287 1.0000e-12     1.0866     79.944     27.826    120.854    26.9705    20.4493    1487.52 0.0000e+00
       1335 149.329055    123.000    11.5083  31.302976     0.3276 1.0000e-12     1.0858     79.779     27.769    121.844    26.9712    20.4497    1487.54 0.0000e+00
       1342 149.329078    124.000    11.5096  31.304861     0.3196 1.0000e-12     1.0847     79.522     27.681    122.835    26.9717    20.4499    1487.56 0.0000e+00
       1350 149.329101    125.000    11.5108  31.306644     0.3154 1.0000e-12     1.0836     79.419     27.645    123.825    26.9722    20.4501    1487.58 0.0000e+00
       1358 149.329124    126.000    11.5113  31.307431     0.3162 1.0000e-12     1.0826     79.380     27.632    124.815    26.9722    20.4500    1487.60 0.0000e+00
       1366 149.329148    127.000    11.5122  31.309153     0.3157 1.0000e-12     1.0824     79.433     27.651    125.806    26.9729    20.4504    1487.62 0.0000e+00
       1375 149.329171    128.000    11.5128  31.309942     0.3161 1.0000e-12     1.0821     79.333     27.617    126.796    26.9728    20.4503    1487.64 0.0000e+00
       1383 149.329195    129.000    11.5129  31.310304     0.3145 1.0000e-12     1.0817     79.306     27.607    127.786    26.9727    20.4502    1487.66 0.0000e+00
       1391 149.329219    130.000    11.5128  31.310362     0.3143 1.0000e-12     1.0814     79.271     27.595    128.776    26.9725    20.4501    1487.67 0.0000e+00
       1399 149.329242    131.000    11.5129  31.310912     0.3127 1.0000e-12     1.0810     79.258     27.590    129.767    26.9726    20.4502    1487.69 0.0000e+00
       1407 149.329265    132.000    11.5132  31.311611     0.3162 1.0000e-12     1.0812     79.351     27.623    130.757    26.9727    20.4502    1487.71 0.0000e+00
       1415 149.329289    133.000    11.5134  31.312203     0.3140 1.0000e-12     1.0813     79.331     27.616    131.747    26.9728    20.4503    1487.72 0.0000e+00
       1423 149.329313    134.000    11.5137  31.312905     0.3147 1.0000e-12     1.0808     79.217     27.577    132.738    26.9729    20.4503    1487.74 0.0000e+00
       1432 149.329337    135.000    11.5141  31.313985     0.3148 1.0000e-12     1.0801     79.049     27.519    133.728    26.9732    20.4505    1487.76 0.0000e+00
       1441 149.329363    136.000    11.5146  31.314853     0.3141 1.0000e-12     1.0803     79.262     27.593    134.718    26.9734    20.4506    1487.78 0.0000e+00
       1450 149.329388    137.000    11.5154  31.316143     0.3141 1.0000e-12     1.0797     79.171     27.562    135.708    26.9737    20.4507    1487.80 0.0000e+00
       1459 149.329414    138.000    11.5160  31.317266     0.3151 1.0000e-12     1.0799     79.172     27.563    136.698    26.9740    20.4508    1487.82 0.0000e+00
       1468 149.329441    139.000    11.5163  31.318170     0.3142 1.0000e-12     1.0800     79.221     27.580    137.689    26.9742    20.4510    1487.83 0.0000e+00
       1477 149.329469    140.000    11.5168  31.319271     0.3133 1.0000e-12     1.0797     79.075     27.529    138.679    26.9745    20.4512    1487.85 0.0000e+00
       1497 149.329524    141.000    11.5185  31.321754     0.3156 1.0000e-12     1.0791     79.005     27.506    139.669    26.9753    20.4515    1487.88 0.0000e+00
       1512 149.329570    140.000    11.5183  31.320509     0.3130 1.0000e-12     1.0787     79.142     27.554    138.679    26.9747    20.4511    1487.86 0.0000e+00
       1522 149.329598    139.000    11.5176  31.319246     0.3160 1.0000e-12     1.0801     79.372     27.633    137.689    26.9744    20.4509    1487.84 0.0000e+00
       1531 149.329624    138.000    11.5170  31.318165     0.3157 1.0000e-12     1.0803     79.237     27.586    136.698    26.9741    20.4508    1487.82 0.0000e+00
       1540 149.329649    137.000    11.5166  31.317408     0.3146 1.0000e-12     1.0803     79.234     27.585    135.708    26.9740    20.4507    1487.80 0.0000e+00
       1548 149.329674    136.000    11.5165  31.317035     0.3135 1.0000e-12     1.0804     79.309     27.610    134.718    26.9740    20.4508    1487.79 0.0000e+00
       1557 149.329699    135.000    11.5162  31.316194     0.3155 1.0000e-12     1.0809     79.307     27.610    133.728    26.9738    20.4506    1487.77 0.0000e+00
       1565 149.329723    134.000    11.5156  31.314833     0.3148 1.0000e-12     1.0808     79.325     27.615    132.738    26.9733    20.4503    1487.75 0.0000e+00
       1574 149.329748    133.000    11.5149  31.313562     0.3164 1.0000e-12     1.0807     79.188     27.567    131.747    26.9730    20.4502    1487.73 0.0000e+00
       1582 149.329772    132.000    11.5145  31.312821     0.3155 1.0000e-12     1.0807     79.224     27.580    130.757    26.9730    20.4502    1487.71 0.0000e+00
       1591 149.329796    131.000    11.5142  31.312069     0.3144 1.0000e-12     1.0802     79.192     27.568    129.767    26.9727    20.4500    1487.69 0.0000e+00
       1599 149.329820    130.000    11.5140  31.311578     0.3143 1.0000e-12     1.0807     79.336     27.618    128.777    26.9728    20.4501    1487.68 0.0000e+00
       1608 149.329846    129.000    11.5138  31.310942     0.3146 1.0000e-12     1.0812     79.334     27.618    127.786    26.9727    20.4500    1487.66 0.0000e+00
       1617 149.329871    128.000    11.5135  31.310320     0.3098 1.0000e-12     1.0819     79.503     27.676    126.796    26.9726    20.4500    1487.64 0.0000e+00
       1625 149.329897    127.000    11.5131  31.309649     0.3154 1.0000e-12     1.0820     79.341     27.620    125.806    26.9726    20.4501    1487.62 0.0000e+00
       1634 149.329922    126.000    11.5129  31.308774     0.3184 1.0000e-12     1.0818     79.364     27.627    124.815    26.9723    20.4499    1487.61 0.0000e+00
       1642 149.329946    125.000    11.5125  31.307960     0.3161 1.0000e-12     1.0821     79.446     27.656    123.825    26.9722    20.4498    1487.59 0.0000e+00
       1651 149.329970    124.000    11.5120  31.307043     0.3155 1.0000e-12     1.0824     79.362     27.626    122.835    26.9720    20.4497    1487.57 0.0000e+00
       1659 149.329994    123.000    11.5115  31.306011     0.3145 1.0000e-12     1.0823     79.496     27.673    121.844    26.9717    20.4496    1487.55 0.0000e+00
       1667 149.330017    122.000    11.5107  31.304442     0.3147 1.0000e-12     1.0834     79.647     27.724    120.854    26.9712    20.4493    1487.53 0.0000e+00
       1675 149.330041    121.000    11.5098  31.302841     0.3168 1.0000e-12     1.0837     79.656     27.727    119.864    26.9707    20.4490    1487.51 0.0000e+00
       1683 149.330064    120.000    11.5086  31.300731     0.3130 1.0000e-12     1.0845     79.812     27.780    118.873    26.9699    20.4486    1487.49 0.0000e+00
       1691 149.330087    119.000    11.5071  31.298543     0.3122 1.0000e-12     1.0854     79.994     27.843    117.883    26.9693    20.4483    1487.47 0.0000e+00
       1699 149.330111    118.000    11.5058  31.296680     0.3114 1.0000e-12     1.0868     80.156     27.898    116.893    26.9688    20.4481    1487.45 0.0000e+00
       1707 149.330134    117.000    11.5049  31.295285     0.3141 1.0000e-12     1.0879     80.343     27.963    115.902    26.9685    20.4480    1487.43 0.0000e+00
       1716 149.330158    116.000    11.5040  31.293645     0.3111 1.0000e-12     1.0890     80.506     28.019    114.912    26.9679    20.4477    1487.40 0.0000e+00
       1724 149.330181    115.000    11.5024  31.290499     0.3112 1.0000e-12     1.0904     80.688     28.081    113.922    26.9665    20.4469    1487.38 0.0000e+00
       1732 149.330204    114.000    11.4988  31.284914     0.3082 1.0000e-12     1.0915     80.759     28.103    112.931    26.9641    20.4456    1487.35 0.0000e+00
       1740 149.330228    113.000    11.4962  31.281476     0.3092 1.0000e-12     1.0922     80.852     28.134    111.941    26.9630    20.4452    1487.32 0.0000e+00
       1748 149.330251    112.000    11.4944  31.278890     0.3079 1.0000e-12     1.0926     80.801     28.115    110.951    26.9623    20.4449    1487.30 0.0000e+00
       1756 149.330274    111.000    11.4932  31.276778     0.3096 1.0000e-12     1.0928     80.794     28.111    109.960    26.9615    20.4445    1487.28 0.0000e+00
       1764 149.330298    110.000    11.4917  31.274702     0.3083 1.0000e-12     1.0927     80.791     28.109    108.970    26.9609    20.4443    1487.26 0.0000e+00
       1772 149.330322    109.000    11.4911  31.273585     0.3087 1.0000e-12     1.0928     80.794     28.110    107.980    26.9607    20.4442    1487.24 0.0000e+00
       1781 149.330346    108.000    11.4905  31.272659     0.3071 1.0000e-12     1.0931     80.865     28.134    106.989    26.9606    20.4442    1487.22 0.0000e+00
       1789 149.330370    107.000    11.4901  31.271866     0.3087 1.0000e-12     1.0931     80.789     28.107    105.999    26.9604    20.4441    1487.20 0.0000e+00
       1797 149.330395    106.000    11.4897  31.271043     0.3066 1.0000e-12     1.0931     80.837     28.124    105.008    26.9603    20.4441    1487.18 0.0000e+00
       1806 149.330420    105.000    11.4894  31.270433     0.3114 1.0000e-12     1.0937     80.923     28.154    104.018    26.9603    20.4441    1487.16 0.0000e+00
       1815 149.330444    104.000    11.4890  31.269439     0.3106 1.0000e-12     1.0936     80.807     28.113    103.028    26.9600    20.4439    1487.14 0.0000e+00
       1823 149.330470    103.000    11.4886  31.268494     0.3111 1.0000e-12     1.0935     80.920     28.152    102.037    26.9598    20.4438    1487.13 0.0000e+00
       1832 149.330496    102.000    11.4881  31.267488     0.3104 1.0000e-12     1.0945     81.065     28.202    101.047    26.9595    20.4437    1487.11 0.0000e+00
       1841 149.330521    101.000    11.4864  31.263934     0.3096 1.0000e-12     1.0960     81.489     28.348    100.056    26.9577    20.4425    1487.09 0.0000e+00
       1850 149.330546    100.000    11.4804  31.253309     0.3100 1.0000e-12     1.0984     81.902     28.487     99.066    26.9523    20.4393    1487.04 0.0000e+00
       1858 149.330571     99.000    11.4720  31.240798     0.3104 1.0000e-12     1.1018     82.524     28.697     98.076    26.9468    20.4365    1486.99 0.0000e+00
       1867 149.330596     98.000    11.4632  31.228506     0.3084 1.0000e-12     1.1048     82.856     28.807     97.085    26.9418    20.4341    1486.93 0.0000e+00
       1876 149.330621     97.000    11.4577  31.221261     0.3104 1.0000e-12     1.1067     82.890     28.815     96.095    26.9393    20.4330    1486.90 0.0000e+00
       1884 149.330646     96.000    11.4534  31.214937     0.3107 1.0000e-12     1.1086     83.301     28.954     95.104    26.9367    20.4317    1486.86 0.0000e+00
       1892 149.330670     95.000    11.4487  31.208009     0.3081 1.0000e-12     1.1107     83.570     29.044     94.114    26.9339    20.4303    1486.82 0.0000e+00
       1900 149.330693     94.000    11.4452  31.204096     0.3092 1.0000e-12     1.1123     83.660     29.073     93.123    26.9330    20.4302    1486.79 0.0000e+00
       1908 149.330716     93.000    11.4441  31.202174     0.3066 1.0000e-12     1.1134     83.887     29.151     92.133    26.9324    20.4299    1486.77 0.0000e+00
       1916 149.330738     92.000    11.4401  31.193820     0.3079 1.0000e-12     1.1156     84.411     29.330     91.143    26.9277    20.4269    1486.74 0.0000e+00
       1924 149.330761     91.000    11.4307  31.180364     0.3064 1.0000e-12     1.1185     84.737     29.436     90.152    26.9220    20.4241    1486.68 0.0000e+00
       1932 149.330783     90.000    11.4247  31.172498     0.3034 1.0000e-12     1.1204     85.109     29.561     89.162    26.9192    20.4229    1486.64 0.0000e+00
