CTD_data_day1/sbe55_sbe19p_5262_20260529_re2.cnv
* Sea-Bird SBE 19plus Data File:
* FileName = C:\Data\sbe55_sbe19p_5262\2026-05-29\sbe55_sbe19p_5262_20260529_re2066.hex
* Software Version SeatermAF 2.1.4
* Temperature SN = 5262
* Conductivity SN = 5262
* System UpLoad Time = May 29 2026 09:46:54 (localtime) = May 29 2026 09:46:54 (UTC)
* ds
* SeacatPlus V 1.6b  SERIAL NO. 5262    29 May 2026  09:46:27
# nquan = 15                                
# nvalues = 647                         
# units = specified
# name 0 = scan: Scan Count
# name 1 = timeJ: Julian Days
# name 2 = prdM: Pressure, Strain Gauge [db]
# name 3 = tv290C: Temperature [ITS-90, deg C]
# name 4 = c0mS/cm: Conductivity [mS/cm]
# name 5 = wetStar: Fluorescence, WET Labs WETstar [mg/m^3]
# name 6 = par: PAR/Irradiance, Biospherical/Licor [umol photons/m^2/sec]
# name 7 = sbeox0V: Oxygen raw, SBE 43 [V]
# name 8 = sbeox0Mm/L: Oxygen, SBE 43 [umol/l], WS = 2
# name 9 = sbeox0PS: Oxygen, SBE 43 [% saturation], WS = 2
# name 10 = depSM: Depth [salt water, m], lat = 56
# name 11 = sal00: Salinity, Practical [PSU]
# name 12 = sigma-é00: Density [sigma-theta, kg/m^3]
# name 13 = svCM: Sound Velocity [Chen-Millero, m/s]
# name 14 = flag: flag
# span 0 =        301,        947       
# span 1 = 149.403565, 149.405434       
# span 2 =     -0.107,     44.435       
# span 3 =     9.0355,    13.8948       
# span 4 =   3.246164,  28.661986       
# span 5 =     0.1468,     7.4436       
# span 6 = 1.0000e-12, 2.5047e+02       
# span 7 =     1.5403,     2.2392       
# span 8 =    137.946,    237.219       
# span 9 =     46.416,     83.271       
# span 10 =     -0.106,     44.026      
# span 11 =     2.2451,    25.6852      
# span 12 =     1.1084,    19.7245      
# span 13 =    1461.85,    1486.18      
# span 14 = 0.0000e+00, 0.0000e+00      
# interval = seconds: 0.25
# start_time = May 29 2026 09:39:53 [Instrument's time stamp, header]
# bad_flag = -9.990e-29
*END*
[from data line 386]
        687 149.404682     33.141     9.7577  28.586175     0.2943 1.0000e-12     1.6071    160.452     53.290     32.837    25.6264    19.6810    1478.10 0.0000e+00
        688 149.404685     32.996     9.7573  28.584567     0.2976 1.4525e-05     1.6071    160.562     53.326     32.693    25.6251    19.6801    1478.09 0.0000e+00
        689 149.404687     32.851     9.7567  28.583256     0.2922 1.0000e-12     1.6087    160.889     53.433     32.549    25.6243    19.6796    1478.08 0.0000e+00
        690 149.404690     32.705     9.7563  28.582347     0.2856 1.0000e-12     1.6096    161.057     53.488     32.405    25.6238    19.6792    1478.08 0.0000e+00
        691 149.404693     32.562     9.7559  28.581601     0.2947 1.0000e-12     1.6096    161.058     53.488     32.263    25.6234    19.6789    1478.08 0.0000e+00
        692 149.404696     32.420     9.7557  28.580742     0.2943 1.0000e-12     1.6104    161.182     53.529     32.122    25.6227    19.6784    1478.07 0.0000e+00
        693 149.404699     32.279     9.7555  28.579617     0.2856 1.0000e-12     1.6112    161.197     53.534     31.983    25.6218    19.6778    1478.07 0.0000e+00
        694 149.404702     32.138     9.7553  28.577903     0.2918 1.0000e-12     1.6118    161.297     53.566     31.843    25.6203    19.6766    1478.06 0.0000e+00
        695 149.404705     31.995     9.7551  28.575478     0.3008 1.0000e-12     1.6125    161.451     53.616     31.701    25.6181    19.6749    1478.06 0.0000e+00
        696 149.404708     31.851     9.7548  28.573048     0.2934 1.0000e-12     1.6132    161.530     53.641     31.559    25.6159    19.6733    1478.05 0.0000e+00
        697 149.404711     31.707     9.7544  28.571455     0.2922 4.4503e-05     1.6136    161.543     53.645     31.416    25.6147    19.6724    1478.05 0.0000e+00
        698 149.404714     31.562     9.7542  28.570734     0.3004 1.0000e-12     1.6144    161.681     53.690     31.272    25.6142    19.6720    1478.04 0.0000e+00
        699 149.404716     31.418     9.7542  28.570018     0.2860 1.0000e-12     1.6151    161.801     53.730     31.130    25.6135    19.6715    1478.04 0.0000e+00
        700 149.404719     31.275     9.7543  28.568519     0.2860 1.0000e-12     1.6157    161.895     53.760     30.988    25.6120    19.6703    1478.03 0.0000e+00
        701 149.404722     31.133     9.7543  28.566273     0.2930 1.0000e-12     1.6160    161.977     53.787     30.847    25.6099    19.6686    1478.03 0.0000e+00
        702 149.404725     30.990     9.7540  28.563752     0.2827 1.0000e-12     1.6171    162.139     53.840     30.706    25.6076    19.6669    1478.02 0.0000e+00
        703 149.404728     30.846     9.7535  28.561438     0.2955 1.0000e-12     1.6178    162.296     53.890     30.563    25.6058    19.6656    1478.02 0.0000e+00
        704 149.404731     30.702     9.7529  28.559609     0.2835 1.0000e-12     1.6183    162.437     53.936     30.420    25.6044    19.6646    1478.01 0.0000e+00
        705 149.404734     30.559     9.7523  28.558245     0.2992 1.0000e-12     1.6192    162.606     53.991     30.279    25.6036    19.6640    1478.01 0.0000e+00
        706 149.404737     30.415     9.7519  28.557070     0.2868 1.4525e-05     1.6198    162.711     54.025     30.136    25.6027    19.6634    1478.00 0.0000e+00
        707 149.404740     30.271     9.7516  28.555696     0.2856 1.0000e-12     1.6209    162.946     54.103     29.993    25.6016    19.6626    1478.00 0.0000e+00
        708 149.404742     30.126     9.7513  28.553996     0.2881 2.9513e-05     1.6218    163.143     54.167     29.850    25.6002    19.6616    1477.99 0.0000e+00
        709 149.404745     29.980     9.7510  28.552203     0.2860 1.0000e-12     1.6224    163.315     54.223     29.705    25.5987    19.6604    1477.99 0.0000e+00
        710 149.404748     29.834     9.7506  28.550650     0.2811 1.0000e-12     1.6235    163.547     54.299     29.560    25.5975    19.6595    1477.98 0.0000e+00
        711 149.404751     29.689     9.7501  28.549522     0.2905 1.0000e-12     1.6246    163.718     54.355     29.417    25.5968    19.6591    1477.97 0.0000e+00
        712 149.404754     29.545     9.7497  28.548675     0.2831 1.4525e-05     1.6255    163.844     54.397     29.274    25.5963    19.6587    1477.97 0.0000e+00
        713 149.404757     29.402     9.7494  28.547829     0.2897 1.4525e-05     1.6270    164.107     54.483     29.132    25.5957    19.6583    1477.97 0.0000e+00
        714 149.404760     29.261     9.7492  28.546854     0.2914 4.4503e-05     1.6279    164.250     54.530     28.993    25.5950    19.6578    1477.96 0.0000e+00
        715 149.404763     29.120     9.7489  28.545669     0.2905 2.9513e-05     1.6287    164.394     54.577     28.853    25.5941    19.6571    1477.96 0.0000e+00
        716 149.404766     28.979     9.7487  28.544207     0.2811 1.4525e-05     1.6294    164.544     54.626     28.713    25.5928    19.6561    1477.95 0.0000e+00
        717 149.404769     28.836     9.7485  28.542428     0.2877 1.0000e-12     1.6309    164.882     54.738     28.572    25.5912    19.6550    1477.95 0.0000e+00
        718 149.404771     28.691     9.7484  28.540578     0.2835 1.0000e-12     1.6321    165.249     54.859     28.428    25.5895    19.6536    1477.94 0.0000e+00
        719 149.404774     28.546     9.7482  28.539133     0.2844 1.0000e-12     1.6333    165.586     54.970     28.284    25.5883    19.6527    1477.94 0.0000e+00
        720 149.404777     28.402     9.7482  28.538165     0.2914 1.0000e-12     1.6346    165.938     55.087     28.142    25.5874    19.6520    1477.94 0.0000e+00
        721 149.404780     28.258     9.7484  28.537358     0.2930 1.0000e-12     1.6367    166.302     55.208     27.999    25.5865    19.6513    1477.93 0.0000e+00
        722 149.404783     28.115     9.7486  28.536529     0.3021 1.0000e-12     1.6384    166.612     55.310     27.857    25.5856    19.6505    1477.93 0.0000e+00
        723 149.404786     27.974     9.7489  28.535488     0.2831 1.0000e-12     1.6398    166.882     55.400     27.718    25.5844    19.6496    1477.93 0.0000e+00
        724 149.404789     27.833     9.7492  28.533928     0.2955 1.4525e-05     1.6418    167.121     55.479     27.578    25.5827    19.6482    1477.92 0.0000e+00
        725 149.404792     27.691     9.7493  28.531732     0.2868 1.0000e-12     1.6431    167.216     55.510     27.437    25.5805    19.6465    1477.92 0.0000e+00
        726 149.404795     27.548     9.7494  28.528857     0.2774 1.0000e-12     1.6447    167.480     55.596     27.295    25.5777    19.6442    1477.91 0.0000e+00
        727 149.404797     27.404     9.7494  28.525166     0.2856 1.0000e-12     1.6467    167.895     55.733     27.153    25.5741    19.6414    1477.91 0.0000e+00
        728 149.404800     27.259     9.7494  28.521309     0.2864 1.0000e-12     1.6476    168.107     55.802     27.009    25.5703    19.6385    1477.90 0.0000e+00
        729 149.404803     27.113     9.7495  28.518448     0.2807 1.0000e-12     1.6491    168.431     55.909     26.865    25.5675    19.6363    1477.89 0.0000e+00
        730 149.404806     26.967     9.7497  28.516817     0.2802 1.0000e-12     1.6514    168.933     56.075     26.720    25.5658    19.6349    1477.89 0.0000e+00
        731 149.404809     26.823     9.7501  28.515814     0.2761 1.4525e-05     1.6539    169.340     56.210     26.577    25.5645    19.6339    1477.89 0.0000e+00
        732 149.404812     26.680     9.7504  28.514561     0.2761 1.0000e-12     1.6556    169.532     56.274     26.436    25.5631    19.6328    1477.89 0.0000e+00
        733 149.404815     26.538     9.7506  28.512385     0.2844 1.0000e-12     1.6573    169.760     56.349     26.295    25.5609    19.6310    1477.88 0.0000e+00
        734 149.404818     26.397     9.7505  28.509120     0.2749 1.0000e-12     1.6602    170.163     56.482     26.155    25.5578    19.6286    1477.88 0.0000e+00
        735 149.404821     26.256     9.7502  28.504682     0.2782 1.0000e-12     1.6612    170.179     56.485     26.015    25.5537    19.6254    1477.87 0.0000e+00
        736 149.404823     26.112     9.7496  28.498849     0.2774 1.4525e-05     1.6618    170.104     56.457     25.873    25.5484    19.6214    1477.86 0.0000e+00
        737 149.404826     25.967     9.7487  28.492296     0.2699 1.0000e-12     1.6648    170.397     56.551     25.729    25.5426    19.6170    1477.84 0.0000e+00
        738 149.404829     25.821     9.7475  28.486761     0.2704 1.0000e-12     1.6672    170.529     56.592     25.584    25.5380    19.6136    1477.83 0.0000e+00
        739 149.404832     25.675     9.7461  28.483042     0.2724 1.0000e-12     1.6677    170.524     56.588     25.440    25.5354    19.6118    1477.82 0.0000e+00
        740 149.404835     25.530     9.7448  28.480338     0.2774 1.0000e-12     1.6683    170.479     56.571     25.296    25.5337    19.6106    1477.81 0.0000e+00
        741 149.404838     25.386     9.7437  28.477441     0.2732 1.0000e-12     1.6699    170.402     56.543     25.153    25.5317    19.6092    1477.80 0.0000e+00
        742 149.404841     25.244     9.7425  28.473391     0.2761 1.0000e-12     1.6706    170.318     56.512     25.013    25.5286    19.6070    1477.79 0.0000e+00
        743 149.404844     25.101     9.7408  28.467878     0.2757 1.4525e-05     1.6718    170.484     56.564     24.871    25.5244    19.6040    1477.78 0.0000e+00
        744 149.404847     24.956     9.7386  28.460999     0.2732 2.9513e-05     1.6729    170.559     56.584     24.727    25.5192    19.6002    1477.76 0.0000e+00
        745 149.404850     24.811     9.7356  28.453257     0.2724 1.0000e-12     1.6732    170.455     56.544     24.584    25.5137    19.5964    1477.74 0.0000e+00
        746 149.404852     24.664     9.7320  28.446239     0.2778 1.0000e-12     1.6736    170.436     56.531     24.438    25.5094    19.5936    1477.72 0.0000e+00
        747 149.404855     24.517     9.7282  28.441316     0.2765 1.0000e-12     1.6746    170.531     56.557     24.292    25.5073    19.5925    1477.70 0.0000e+00
        748 149.404858     24.370     9.7249  28.438160     0.2782 1.0000e-12     1.6750    170.500     56.542     24.147    25.5065    19.5924    1477.68 0.0000e+00
        749 149.404861     24.225     9.7225  28.435597     0.2786 1.0000e-12     1.6754    170.571     56.563     24.003    25.5058    19.5921    1477.67 0.0000e+00
        750 149.404864     24.080     9.7208  28.432822     0.2811 1.0000e-12     1.6759    170.630     56.580     23.859    25.5043    19.5912    1477.66 0.0000e+00
        751 149.404867     23.935     9.7194  28.429311     0.2699 1.0000e-12     1.6768    170.751     56.617     23.716    25.5018    19.5895    1477.65 0.0000e+00
        752 149.404870     23.788     9.7179  28.424951     0.2749 1.0000e-12     1.6765    170.726     56.606     23.570    25.4986    19.5873    1477.64 0.0000e+00
        753 149.404873     23.641     9.7160  28.420383     0.2794 1.0000e-12     1.6774    170.852     56.644     23.425    25.4955    19.5851    1477.63 0.0000e+00
        754 149.404876     23.493     9.7138  28.416657     0.2749 1.0000e-12     1.6779    170.972     56.680     23.278    25.4935    19.5838    1477.61 0.0000e+00
        755 149.404878     23.345     9.7117  28.414356     0.2786 1.0000e-12     1.6786    171.110     56.723     23.131    25.4927    19.5836    1477.60 0.0000e+00
        756 149.404881     23.198     9.7101  28.412797     0.2897 1.0000e-12     1.6789    171.263     56.772     22.986    25.4924    19.5835    1477.59 0.0000e+00
        757 149.404884     23.052     9.7090  28.410850     0.2802 7.4491e-05     1.6792    171.300     56.782     22.841    25.4913    19.5828    1477.59 0.0000e+00
        758 149.404887     22.906     9.7081  28.408133     0.2807 1.0000e-12     1.6803    171.477     56.839     22.696    25.4893    19.5814    1477.58 0.0000e+00
        759 149.404890     22.761     9.7071  28.404760     0.2778 1.0000e-12     1.6808    171.578     56.870     22.553    25.4867    19.5795    1477.57 0.0000e+00
        760 149.404893     22.615     9.7059  28.400748     0.2790 1.0000e-12     1.6817    171.779     56.934     22.408    25.4836    19.5773    1477.56 0.0000e+00
        761 149.404896     22.469     9.7044  28.395985     0.2712 1.0000e-12     1.6821    171.844     56.953     22.263    25.4800    19.5747    1477.55 0.0000e+00
        762 149.404899     22.321     9.7026  28.390744     0.2745 1.0000e-12     1.6826    171.861     56.954     22.117    25.4762    19.5720    1477.53 0.0000e+00
        763 149.404902     22.172     9.7007  28.385878     0.2807 1.0000e-12     1.6834    171.903     56.965     21.969    25.4728    19.5696    1477.52 0.0000e+00
        764 149.404905     22.023     9.6987  28.381959     0.2811 1.0000e-12     1.6843    171.935     56.972     21.821    25.4704    19.5680    1477.50 0.0000e+00
        765 149.404907     21.875     9.6969  28.378788     0.2749 2.9513e-05     1.6847    171.911     56.961     21.675    25.4685    19.5669    1477.49 0.0000e+00
        766 149.404910     21.728     9.6954  28.375842     0.2778 1.0000e-12     1.6851    171.939     56.968     21.529    25.4667    19.5657    1477.48 0.0000e+00
        767 149.404913     21.582     9.6941  28.372613     0.2757 1.0000e-12     1.6850    171.943     56.967     21.384    25.4645    19.5642    1477.47 0.0000e+00
        768 149.404916     21.435     9.6927  28.368729     0.2802 1.0000e-12     1.6853    171.909     56.952     21.239    25.4617    19.5622    1477.46 0.0000e+00
        769 149.404919     21.288     9.6911  28.364405     0.2910 1.0000e-12     1.6855    171.947     56.962     21.093    25.4586    19.5600    1477.45 0.0000e+00
        770 149.404922     21.139     9.6893  28.360571     0.2823 1.4525e-05     1.6865    172.167     57.031     20.946    25.4562    19.5583    1477.44 0.0000e+00
        771 149.404925     20.991     9.6875  28.357836     0.2786 1.0000e-12     1.6875    172.348     57.089     20.799    25.4548    19.5575    1477.43 0.0000e+00
        772 149.404928     20.842     9.6860  28.355801     0.3268 1.0000e-12     1.6867    172.148     57.020     20.651    25.4539    19.5570    1477.42 0.0000e+00
        773 149.404931     20.694     9.6847  28.353779     0.2835 1.0000e-12     1.6873    172.109     57.005     20.505    25.4529    19.5564    1477.41 0.0000e+00
        774 149.404933     20.547     9.6836  28.351175     0.2728 1.4525e-05     1.6882    172.185     57.028     20.359    25.4511    19.5552    1477.40 0.0000e+00
        775 149.404936     20.400     9.6824  28.347738     0.2774 1.0000e-12     1.6882    172.225     57.039     20.213    25.4486    19.5535    1477.39 0.0000e+00
        776 149.404939     20.252     9.6809  28.343965     0.2831 1.0000e-12     1.6879    172.233     57.039     20.067    25.4460    19.5516    1477.38 0.0000e+00
        777 149.404942     20.103     9.6792  28.340499     0.2827 1.0000e-12     1.6878    172.164     57.013     19.919    25.4438    19.5502    1477.37 0.0000e+00
        778 149.404945     19.954     9.6775  28.337637     0.2811 1.0000e-12     1.6889    172.317     57.061     19.771    25.4422    19.5492    1477.36 0.0000e+00
        779 149.404948     19.806     9.6759  28.335363     0.2794 1.0000e-12     1.6895    172.376     57.078     19.625    25.4412    19.5486    1477.35 0.0000e+00
        780 149.404951     19.658     9.6746  28.333398     0.2704 1.0000e-12     1.6891    172.246     57.033     19.478    25.4402    19.5480    1477.34 0.0000e+00
        781 149.404954     19.512     9.6734  28.331427     0.2765 1.0000e-12     1.6894    172.194     57.014     19.334    25.4392    19.5474    1477.33 0.0000e+00
