CTD_data_day1/sbe55_sbe19p_5262_20260529_re3.cnv
* Sea-Bird SBE 19plus Data File:
* FileName = C:\Data\sbe55_sbe19p_5262\2026-05-29\sbe55_sbe19p_5262_20260529_re3067.hex
* Software Version SeatermAF 2.1.4
* Temperature SN = 5262
* Conductivity SN = 5262
* System UpLoad Time = May 29 2026 10:47:36 (localtime) = May 29 2026 10:47:36 (UTC)
* ds
* SeacatPlus V 1.6b  SERIAL NO. 5262    29 May 2026  10:47:06
# nquan = 15                                
# nvalues = 1427                        
# units = specified
# name 0 = scan: Scan Count
# name 1 = timeJ: Julian Days
# name 2 = prdM: Pressure, Strain Gauge [db]
# name 3 = tv290C: Temperature [ITS-90, deg C]
# name 4 = c0mS/cm: Conductivity [mS/cm]
# name 5 = wetStar: Fluorescence, WET Labs WETstar [mg/m^3]
# name 6 = par: PAR/Irradiance, Biospherical/Licor [umol photons/m^2/sec]
# name 7 = sbeox0V: Oxygen raw, SBE 43 [V]
# name 8 = sbeox0Mm/L: Oxygen, SBE 43 [umol/l], WS = 2
# name 9 = sbeox0PS: Oxygen, SBE 43 [% saturation], WS = 2
# name 10 = depSM: Depth [salt water, m], lat = 56
# name 11 = sal00: Salinity, Practical [PSU]
# name 12 = sigma-é00: Density [sigma-theta, kg/m^3]
# name 13 = svCM: Sound Velocity [Chen-Millero, m/s]
# name 14 = flag: flag
# span 0 =        301,       1727       
# span 1 = 149.439988, 149.444115       
# span 2 =     -0.130,     93.268       
# span 3 =     9.1172,    13.1134       
# span 4 =   3.244967,  31.077698       
# span 5 =     0.0780,     8.9321       
# span 6 = 1.0000e-12, 2.0680e+02       
# span 7 =     1.1317,     2.2087       
# span 8 =     86.279,    240.616       
# span 9 =     29.912,     81.903       
# span 10 =     -0.129,     92.398      
# span 11 =     2.2685,    26.8804      
# span 12 =     1.1804,    20.4101      
# span 13 =    1460.39,    1486.34      
# span 14 = 0.0000e+00, 0.0000e+00      
# interval = seconds: 0.25
# start_time = May 29 2026 10:32:20 [Instrument's time stamp, header]
# bad_flag = -9.990e-29
*END*
[from data line 482]
        783 149.441383     64.339    10.2892  29.528709     0.2827 1.0000e-12     1.4494    125.571     42.344     63.744    26.1615    20.0176    1481.21 0.0000e+00
        784 149.441386     64.477    10.2964  29.544876     0.2848 1.0000e-12     1.4422    124.618     42.032     63.880    26.1721    20.0247    1481.26 0.0000e+00
        785 149.441389     64.615    10.3051  29.561629     0.2844 1.0000e-12     1.4358    123.876     41.793     64.017    26.1822    20.0312    1481.30 0.0000e+00
        786 149.441392     64.757    10.3148  29.578738     0.2910 1.0000e-12     1.4284    123.075     41.534     64.158    26.1918    20.0372    1481.35 0.0000e+00
        787 149.441395     64.900    10.3250  29.596334     0.2955 1.0000e-12     1.4233    122.619     41.392     64.299    26.2016    20.0432    1481.40 0.0000e+00
        788 149.441398     65.044    10.3356  29.613261     0.2918 1.0000e-12     1.4172    122.145     41.244     64.442    26.2105    20.0485    1481.45 0.0000e+00
        789 149.441400     65.187    10.3462  29.628708     0.2938 1.0000e-12     1.4115    121.749     41.122     64.584    26.2179    20.0526    1481.50 0.0000e+00
        790 149.441403     65.326    10.3563  29.644077     0.2914 1.0000e-12     1.4066    121.448     41.031     64.721    26.2256    20.0570    1481.55 0.0000e+00
        791 149.441406     65.461    10.3659  29.662053     0.2967 1.0000e-12     1.4015    120.983     40.886     64.855    26.2362    20.0637    1481.60 0.0000e+00
        792 149.441409     65.594    10.3761  29.682720     0.2897 1.0000e-12     1.3970    120.711     40.806     64.987    26.2489    20.0721    1481.66 0.0000e+00
        793 149.441412     65.727    10.3874  29.702981     0.2930 1.0000e-12     1.3931    120.459     40.734     65.119    26.2605    20.0793    1481.72 0.0000e+00
        794 149.441415     65.863    10.3994  29.720681     0.2910 1.0000e-12     1.3886    119.980     40.585     65.253    26.2691    20.0841    1481.77 0.0000e+00
        795 149.441418     66.002    10.4109  29.735629     0.2868 1.0000e-12     1.3846    119.532     40.445     65.391    26.2753    20.0872    1481.82 0.0000e+00
        796 149.441421     66.145    10.4213  29.748072     0.2856 1.0000e-12     1.3812    119.159     40.329     65.533    26.2799    20.0891    1481.87 0.0000e+00
        797 149.441424     66.290    10.4302  29.758719     0.2918 1.0000e-12     1.3776    118.759     40.203     65.676    26.2838    20.0908    1481.91 0.0000e+00
        798 149.441427     66.434    10.4380  29.768945     0.2959 1.0000e-12     1.3733    118.307     40.058     65.819    26.2881    20.0929    1481.94 0.0000e+00
        799 149.441429     66.575    10.4451  29.779939     0.2868 1.0000e-12     1.3694    117.936     39.940     65.959    26.2937    20.0961    1481.98 0.0000e+00
        800 149.441432     66.712    10.4521  29.792420     0.2951 1.0000e-12     1.3663    117.675     39.860     66.094    26.3007    20.1005    1482.02 0.0000e+00
        801 149.441435     66.846    10.4597  29.806245     0.2947 1.0000e-12     1.3631    117.573     39.834     66.227    26.3087    20.1055    1482.06 0.0000e+00
        802 149.441438     66.978    10.4680  29.820011     0.2943 1.0000e-12     1.3600    117.431     39.794     66.358    26.3160    20.1099    1482.10 0.0000e+00
        803 149.441441     67.112    10.4767  29.832728     0.2955 1.0000e-12     1.3576    117.362     39.780     66.490    26.3221    20.1132    1482.14 0.0000e+00
        804 149.441444     67.249    10.4851  29.844974     0.2897 1.0000e-12     1.3548    117.121     39.708     66.626    26.3279    20.1164    1482.18 0.0000e+00
        805 149.441447     67.389    10.4934  29.857178     0.2881 1.0000e-12     1.3535    117.153     39.727     66.765    26.3338    20.1197    1482.22 0.0000e+00
        806 149.441450     67.532    10.5016  29.868130     0.2864 1.0000e-12     1.3505    116.933     39.661     66.907    26.3384    20.1220    1482.25 0.0000e+00
        807 149.441453     67.675    10.5094  29.876472     0.2897 1.0000e-12     1.3488    116.830     39.633     67.048    26.3409    20.1227    1482.29 0.0000e+00
        808 149.441455     67.815    10.5163  29.882278     0.2934 1.0000e-12     1.3463    116.601     39.562     67.187    26.3415    20.1221    1482.32 0.0000e+00
        809 149.441458     67.952    10.5217  29.886618     0.2885 1.0000e-12     1.3450    116.475     39.523     67.323    26.3418    20.1215    1482.34 0.0000e+00
        810 149.441461     68.084    10.5257  29.890543     0.2918 1.0000e-12     1.3436    116.444     39.517     67.453    26.3427    20.1215    1482.36 0.0000e+00
        811 149.441464     68.214    10.5290  29.894747     0.2914 1.0000e-12     1.3418    116.197     39.436     67.582    26.3443    20.1223    1482.37 0.0000e+00
        812 149.441467     68.345    10.5320  29.899692     0.2848 1.0000e-12     1.3401    115.831     39.315     67.712    26.3469    20.1239    1482.39 0.0000e+00
        813 149.441470     68.480    10.5351  29.905749     0.2934 1.0000e-12     1.3384    115.448     39.189     67.846    26.3505    20.1262    1482.41 0.0000e+00
        814 149.441473     68.618    10.5386  29.913266     0.2943 1.0000e-12     1.3371    115.060     39.061     67.982    26.3553    20.1293    1482.43 0.0000e+00
        815 149.441476     68.758    10.5429  29.921956     0.2951 1.0000e-12     1.3350    114.510     38.880     68.121    26.3606    20.1327    1482.45 0.0000e+00
        816 149.441479     68.899    10.5479  29.931144     0.3008 1.0000e-12     1.3318    113.786     38.639     68.261    26.3659    20.1361    1482.48 0.0000e+00
        817 149.441481     69.036    10.5536  29.941145     0.2943 1.0000e-12     1.3305    113.362     38.502     68.396    26.3714    20.1395    1482.51 0.0000e+00
        818 149.441484     69.171    10.5597  29.952754     0.2984 1.0000e-12     1.3275    112.758     38.303     68.530    26.3782    20.1438    1482.54 0.0000e+00
        819 149.441487     69.303    10.5666  29.966023     0.2901 1.0000e-12     1.3244    112.255     38.140     68.661    26.3861    20.1489    1482.58 0.0000e+00
        820 149.441490     69.434    10.5745  29.980604     0.3025 1.0000e-12     1.3217    111.862     38.015     68.791    26.3945    20.1542    1482.62 0.0000e+00
        821 149.441493     69.565    10.5836  29.997136     0.2976 1.0000e-12     1.3191    111.483     37.896     68.920    26.4040    20.1601    1482.67 0.0000e+00
        822 149.441496     69.699    10.5938  30.017300     0.2918 1.0000e-12     1.3167    111.214     37.816     69.053    26.4161    20.1679    1482.72 0.0000e+00
        823 149.441499     69.834    10.6059  30.041717     0.2992 1.0000e-12     1.3142    110.827     37.698     69.187    26.4311    20.1776    1482.78 0.0000e+00
        824 149.441502     69.972    10.6203  30.067019     0.3017 1.0000e-12     1.3117    110.358     37.554     69.324    26.4452    20.1863    1482.85 0.0000e+00
        825 149.441505     70.111    10.6362  30.087691     0.2967 1.0000e-12     1.3099    109.973     37.438     69.461    26.4537    20.1903    1482.92 0.0000e+00
        826 149.441508     70.249    10.6514  30.101962     0.2971 1.0000e-12     1.3070    109.428     37.265     69.598    26.4565    20.1901    1482.99 0.0000e+00
        827 149.441510     70.386    10.6639  30.111825     0.3000 1.0000e-12     1.3038    108.830     37.072     69.734    26.4570    20.1885    1483.03 0.0000e+00
        828 149.441513     70.520    10.6734  30.119639     0.2943 1.0000e-12     1.3009    108.323     36.907     69.866    26.4577    20.1875    1483.07 0.0000e+00
        829 149.441516     70.653    10.6806  30.127283     0.2959 1.0000e-12     1.2982    107.963     36.791     69.998    26.4598    20.1880    1483.10 0.0000e+00
        830 149.441519     70.784    10.6866  30.136474     0.2967 1.0000e-12     1.2955    107.707     36.709     70.128    26.4644    20.1906    1483.13 0.0000e+00
        831 149.441522     70.917    10.6928  30.149260     0.3021 1.0000e-12     1.2924    107.392     36.609     70.260    26.4722    20.1957    1483.17 0.0000e+00
        832 149.441525     71.051    10.7002  30.165831     0.2963 1.0000e-12     1.2899    107.134     36.529     70.392    26.4829    20.2028    1483.21 0.0000e+00
        833 149.441528     71.188    10.7097  30.183818     0.2930 1.0000e-12     1.2882    107.009     36.496     70.528    26.4934    20.2095    1483.26 0.0000e+00
        834 149.441531     71.326    10.7208  30.202021     0.3025 1.0000e-12     1.2857    106.732     36.413     70.665    26.5030    20.2151    1483.31 0.0000e+00
        835 149.441534     71.466    10.7328  30.219989     0.3021 1.0000e-12     1.2833    106.391     36.308     70.803    26.5116    20.2199    1483.37 0.0000e+00
        836 149.441536     71.605    10.7450  30.235885     0.3021 1.0000e-12     1.2811    106.096     36.219     70.941    26.5181    20.2231    1483.42 0.0000e+00
        837 149.441539     71.742    10.7566  30.248511     0.3021 1.0000e-12     1.2793    105.823     36.136     71.077    26.5219    20.2241    1483.47 0.0000e+00
        838 149.441542     71.876    10.7668  30.258482     0.3013 1.0000e-12     1.2769    105.478     36.026     71.210    26.5242    20.2242    1483.51 0.0000e+00
        839 149.441545     72.009    10.7753  30.267291     0.3013 1.0000e-12     1.2741    105.117     35.910     71.341    26.5265    20.2247    1483.55 0.0000e+00
        840 149.441548     72.140    10.7825  30.276266     0.2971 1.0000e-12     1.2728    104.893     35.840     71.471    26.5299    20.2262    1483.58 0.0000e+00
        841 149.441551     72.272    10.7890  30.285874     0.3029 1.0000e-12     1.2706    104.516     35.717     71.602    26.5345    20.2287    1483.61 0.0000e+00
        842 149.441554     72.407    10.7954  30.296347     0.3021 1.0000e-12     1.2680    104.025     35.556     71.736    26.5399    20.2319    1483.64 0.0000e+00
        843 149.441557     72.543    10.8022  30.308351     0.3050 1.0000e-12     1.2665    103.565     35.405     71.870    26.5466    20.2359    1483.68 0.0000e+00
        844 149.441560     72.682    10.8096  30.322370     0.2967 1.0000e-12     1.2638    102.797     35.150     72.008    26.5547    20.2411    1483.72 0.0000e+00
        845 149.441563     72.821    10.8181  30.338164     0.3008 1.0000e-12     1.2614    102.134     34.932     72.146    26.5638    20.2468    1483.76 0.0000e+00
        846 149.441565     72.959    10.8278  30.354406     0.3046 1.0000e-12     1.2581    101.270     34.646     72.282    26.5724    20.2519    1483.81 0.0000e+00
        847 149.441568     73.095    10.8382  30.369787     0.3046 1.0000e-12     1.2544    100.427     34.367     72.417    26.5797    20.2559    1483.86 0.0000e+00
        848 149.441571     73.226    10.8489  30.385415     0.3062 1.0000e-12     1.2508     99.769     34.151     72.547    26.5870    20.2598    1483.91 0.0000e+00
        849 149.441574     73.356    10.8596  30.404500     0.3037 1.0000e-12     1.2473     99.170     33.956     72.676    26.5976    20.2664    1483.96 0.0000e+00
        850 149.441577     73.484    10.8715  30.429431     0.3066 1.0000e-12     1.2429     98.563     33.760     72.802    26.6131    20.2764    1484.02 0.0000e+00
        851 149.441580     73.613    10.8860  30.460391     0.3017 1.0000e-12     1.2401     98.309     33.688     72.930    26.6324    20.2891    1484.10 0.0000e+00
        852 149.441583     73.746    10.9038  30.495859     0.3004 1.0000e-12     1.2369     98.044     33.615     73.062    26.6537    20.3027    1484.19 0.0000e+00
        853 149.441586     73.883    10.9248  30.532614     0.2984 1.0000e-12     1.2334     97.692     33.514     73.198    26.6739    20.3150    1484.29 0.0000e+00
        854 149.441589     74.023    10.9480  30.566105     0.3087 1.0000e-12     1.2302     97.450     33.451     73.336    26.6893    20.3232    1484.40 0.0000e+00
        855 149.441591     74.163    10.9713  30.592134     0.3124 1.0000e-12     1.2280     97.298     33.418     73.475    26.6974    20.3257    1484.49 0.0000e+00
        856 149.441594     74.299    10.9922  30.610179     0.3149 1.0000e-12     1.2257     97.193     33.397     73.610    26.6996    20.3240    1484.57 0.0000e+00
        857 149.441597     74.431    11.0089  30.623422     0.3140 1.0000e-12     1.2226     96.998     33.342     73.740    26.7002    20.3217    1484.64 0.0000e+00
        858 149.441600     74.559    11.0218  30.634513     0.3111 1.0000e-12     1.2207     96.946     33.334     73.867    26.7015    20.3206    1484.69 0.0000e+00
        859 149.441603     74.685    11.0319  30.644063     0.3161 1.0000e-12     1.2189     96.804     33.293     73.992    26.7033    20.3203    1484.73 0.0000e+00
        860 149.441606     74.813    11.0401  30.651789     0.3149 1.0000e-12     1.2170     96.795     33.296     74.119    26.7047    20.3201    1484.76 0.0000e+00
        861 149.441609     74.946    11.0470  30.657938     0.3132 1.0000e-12     1.2154     96.699     33.268     74.251    26.7056    20.3197    1484.79 0.0000e+00
        862 149.441612     75.083    11.0525  30.663225     0.3144 1.0000e-12     1.2140     96.510     33.208     74.386    26.7066    20.3196    1484.81 0.0000e+00
        863 149.441615     75.224    11.0572  30.667887     0.3153 1.0000e-12     1.2119     96.211     33.108     74.526    26.7077    20.3196    1484.83 0.0000e+00
        864 149.441617     75.365    11.0611  30.671952     0.3140 1.0000e-12     1.2117     96.175     33.099     74.666    26.7087    20.3198    1484.85 0.0000e+00
        865 149.441620     75.503    11.0645  30.675876     0.3227 1.0000e-12     1.2090     95.733     32.949     74.802    26.7100    20.3202    1484.87 0.0000e+00
        866 149.441623     75.637    11.0676  30.680461     0.3177 1.0000e-12     1.2073     95.522     32.879     74.935    26.7121    20.3213    1484.88 0.0000e+00
        867 149.441626     75.767    11.0707  30.686373     0.3169 1.0000e-12     1.2057     95.335     32.818     75.064    26.7155    20.3235    1484.90 0.0000e+00
        868 149.441629     75.894    11.0744  30.694290     0.3182 1.0000e-12     1.2041     95.102     32.742     75.190    26.7204    20.3266    1484.92 0.0000e+00
        869 149.441632     76.021    11.0790  30.705550     0.3247 1.0000e-12     1.2022     94.929     32.687     75.315    26.7278    20.3317    1484.95 0.0000e+00
        870 149.441635     76.150    11.0852  30.719892     0.3223 1.0000e-12     1.2015     94.852     32.667     75.443    26.7370    20.3378    1484.98 0.0000e+00
        871 149.441638     76.282    11.0932  30.734696     0.3206 1.0000e-12     1.1999     94.730     32.632     75.574    26.7454    20.3430    1485.02 0.0000e+00
        872 149.441641     76.418    11.1024  30.747965     0.3227 1.0000e-12     1.1985     94.613     32.599     75.709    26.7515    20.3462    1485.07 0.0000e+00
        873 149.441644     76.556    11.1117  30.758674     0.3177 1.0000e-12     1.1966     94.423     32.541     75.845    26.7549    20.3474    1485.11 0.0000e+00
        874 149.441646     76.695    11.1201  30.766551     0.3182 1.0000e-12     1.1954     94.297     32.504     75.983    26.7564    20.3471    1485.14 0.0000e+00
        875 149.441649     76.832    11.1271  30.771844     0.3231 1.0000e-12     1.1951     94.391     32.541     76.119    26.7563    20.3459    1485.17 0.0000e+00
        876 149.441652     76.966    11.1324  30.774900     0.3239 1.0000e-12     1.1938     94.397     32.547     76.251    26.7554    20.3443    1485.19 0.0000e+00
        877 149.441655     77.096    11.1360  30.776373     0.3264 1.0000e-12     1.1928     94.381     32.544     76.380    26.7541    20.3427    1485.20 0.0000e+00
        878 149.441658     77.222    11.1383  30.776741     0.3285 1.0000e-12     1.1919     94.316     32.523     76.505    26.7528    20.3413    1485.21 0.0000e+00
