CTD_data_day1/sbe55_sbe19p_5262_20260529_re2.cnv
* Sea-Bird SBE 19plus Data File:
* FileName = C:\Data\sbe55_sbe19p_5262\2026-05-29\sbe55_sbe19p_5262_20260529_re2066.hex
* Software Version SeatermAF 2.1.4
* Temperature SN = 5262
* Conductivity SN = 5262
* System UpLoad Time = May 29 2026 09:46:54 (localtime) = May 29 2026 09:46:54 (UTC)
* ds
* SeacatPlus V 1.6b  SERIAL NO. 5262    29 May 2026  09:46:27
# nquan = 15                                
# nvalues = 647                         
# units = specified
# name 0 = scan: Scan Count
# name 1 = timeJ: Julian Days
# name 2 = prdM: Pressure, Strain Gauge [db]
# name 3 = tv290C: Temperature [ITS-90, deg C]
# name 4 = c0mS/cm: Conductivity [mS/cm]
# name 5 = wetStar: Fluorescence, WET Labs WETstar [mg/m^3]
# name 6 = par: PAR/Irradiance, Biospherical/Licor [umol photons/m^2/sec]
# name 7 = sbeox0V: Oxygen raw, SBE 43 [V]
# name 8 = sbeox0Mm/L: Oxygen, SBE 43 [umol/l], WS = 2
# name 9 = sbeox0PS: Oxygen, SBE 43 [% saturation], WS = 2
# name 10 = depSM: Depth [salt water, m], lat = 56
# name 11 = sal00: Salinity, Practical [PSU]
# name 12 = sigma-é00: Density [sigma-theta, kg/m^3]
# name 13 = svCM: Sound Velocity [Chen-Millero, m/s]
# name 14 = flag: flag
# span 0 =        301,        947       
# span 1 = 149.403565, 149.405434       
# span 2 =     -0.107,     44.435       
# span 3 =     9.0355,    13.8948       
# span 4 =   3.246164,  28.661986       
# span 5 =     0.1468,     7.4436       
# span 6 = 1.0000e-12, 2.5047e+02       
# span 7 =     1.5403,     2.2392       
# span 8 =    137.946,    237.219       
# span 9 =     46.416,     83.271       
# span 10 =     -0.106,     44.026      
# span 11 =     2.2451,    25.6852      
# span 12 =     1.1084,    19.7245      
# span 13 =    1461.85,    1486.18      
# span 14 = 0.0000e+00, 0.0000e+00      
# interval = seconds: 0.25
# start_time = May 29 2026 09:39:53 [Instrument's time stamp, header]
# bad_flag = -9.990e-29
*END*
[from data line 482]
        783 149.404959     19.218     9.6713  28.325826     0.2852 1.0000e-12     1.6891    172.060     56.965     19.042    25.4352    19.5446    1477.31 0.0000e+00
        784 149.404962     19.070     9.6700  28.321316     0.2741 1.0000e-12     1.6889    172.101     56.976     18.896    25.4317    19.5421    1477.30 0.0000e+00
        785 149.404965     18.921     9.6684  28.316379     0.2778 1.0000e-12     1.6892    172.179     56.999     18.748    25.4280    19.5394    1477.29 0.0000e+00
        786 149.404968     18.772     9.6664  28.312106     0.2753 1.0000e-12     1.6895    172.212     57.006     18.600    25.4252    19.5376    1477.28 0.0000e+00
        787 149.404971     18.623     9.6643  28.308141     0.2687 1.0000e-12     1.6899    172.325     57.040     18.453    25.4229    19.5360    1477.26 0.0000e+00
        788 149.404974     18.474     9.6624  28.302849     0.2761 5.9496e-05     1.6899    172.355     57.046     18.305    25.4190    19.5333    1477.25 0.0000e+00
        789 149.404977     18.326     9.6601  28.295523     0.2757 1.0000e-12     1.6901    172.288     57.019     18.158    25.4134    19.5293    1477.23 0.0000e+00
        790 149.404980     18.179     9.6571  28.286657     0.2794 1.0000e-12     1.6895    172.139     56.963     18.013    25.4068    19.5246    1477.21 0.0000e+00
        791 149.404983     18.031     9.6532  28.276466     0.2765 1.0000e-12     1.6897    172.158     56.962     17.866    25.3996    19.5195    1477.18 0.0000e+00
        792 149.404986     17.883     9.6484  28.264448     0.2745 1.0000e-12     1.6903    172.223     56.974     17.720    25.3911    19.5136    1477.15 0.0000e+00
        793 149.404988     17.735     9.6427  28.251213     0.2860 2.7088e-03     1.6895    172.133     56.934     17.573    25.3821    19.5074    1477.12 0.0000e+00
        794 149.404991     17.585     9.6362  28.238959     0.2757 3.9229e-03     1.6896    172.133     56.923     17.424    25.3746    19.5025    1477.08 0.0000e+00
        795 149.404994     17.436     9.6294  28.228203     0.2827 8.7013e-03     1.6898    172.166     56.923     17.277    25.3688    19.4990    1477.05 0.0000e+00
        796 149.404997     17.285     9.6230  28.218898     0.2774 7.7975e-03     1.6892    172.098     56.891     17.127    25.3641    19.4963    1477.02 0.0000e+00
        797 149.405000     17.135     9.6172  28.210667     0.2728 1.0518e-02     1.6895    172.177     56.908     16.978    25.3601    19.4940    1476.99 0.0000e+00
        798 149.405003     16.986     9.6118  28.200489     0.2848 1.4189e-02     1.6887    171.895     56.806     16.831    25.3539    19.4900    1476.96 0.0000e+00
        799 149.405006     16.836     9.6063  28.186667     0.2704 1.9720e-02     1.6893    171.859     56.783     16.682    25.3442    19.4832    1476.92 0.0000e+00
        800 149.405009     16.688     9.5996  28.169754     0.2802 1.9665e-02     1.6892    171.804     56.752     16.535    25.3322    19.4748    1476.88 0.0000e+00
        801 149.405012     16.539     9.5913  28.150058     0.2811 2.4358e-02     1.6885    171.610     56.672     16.388    25.3186    19.4654    1476.83 0.0000e+00
        802 149.405014     16.390     9.5815  28.127015     0.2708 2.9019e-02     1.6870    171.359     56.571     16.240    25.3027    19.4544    1476.77 0.0000e+00
        803 149.405017     16.240     9.5701  28.101115     0.2737 3.1783e-02     1.6866    171.146     56.480     16.092    25.2851    19.4424    1476.71 0.0000e+00
        804 149.405020     16.089     9.5572  28.076968     0.2749 3.4383e-02     1.6864    171.047     56.426     15.942    25.2703    19.4327    1476.64 0.0000e+00
        805 149.405023     15.937     9.5442  28.058687     0.2737 4.3637e-02     1.6857    170.851     56.342     15.791    25.2614    19.4276    1476.58 0.0000e+00
        806 149.405026     15.783     9.5326  28.046059     0.2844 4.7733e-02     1.6850    170.663     56.264     15.639    25.2570    19.4259    1476.52 0.0000e+00
        807 149.405029     15.630     9.5234  28.035388     0.2918 5.1093e-02     1.6835    170.201     56.098     15.487    25.2530    19.4241    1476.48 0.0000e+00
        808 149.405032     15.477     9.5160  28.021455     0.2831 6.2936e-02     1.6823    169.827     55.963     15.336    25.2444    19.4185    1476.44 0.0000e+00
        809 149.405035     15.325     9.5083  28.001952     0.2831 6.4112e-02     1.6805    169.457     55.826     15.185    25.2305    19.4088    1476.39 0.0000e+00
        810 149.405038     15.175     9.4986  27.978385     0.2807 7.6658e-02     1.6794    169.188     55.719     15.036    25.2140    19.3973    1476.33 0.0000e+00
        811 149.405041     15.025     9.4862  27.953787     0.2761 8.2509e-02     1.6775    168.931     55.614     14.888    25.1983    19.3869    1476.27 0.0000e+00
        812 149.405043     14.875     9.4718  27.928514     0.2893 8.4346e-02     1.6761    168.724     55.522     14.739    25.1834    19.3773    1476.19 0.0000e+00
        813 149.405046     14.722     9.4565  27.901331     0.2943 8.9244e-02     1.6746    168.580     55.450     14.588    25.1672    19.3669    1476.11 0.0000e+00
        814 149.405049     14.568     9.4402  27.875596     0.2914 1.0169e-01     1.6724    168.238     55.312     14.435    25.1531    19.3582    1476.03 0.0000e+00
        815 149.405052     14.412     9.4238  27.855380     0.2901 1.1474e-01     1.6712    168.158     55.263     14.280    25.1446    19.3539    1475.96 0.0000e+00
        816 149.405055     14.257     9.4091  27.838919     0.2905 1.2051e-01     1.6693    168.017     55.196     14.127    25.1386    19.3513    1475.89 0.0000e+00
        817 149.405058     14.104     9.3965  27.822682     0.2967 1.2556e-01     1.6680    167.867     55.129     13.975    25.1313    19.3475    1475.83 0.0000e+00
        818 149.405061     13.954     9.3849  27.805649     0.2922 1.3449e-01     1.6657    167.572     55.014     13.827    25.1226    19.3423    1475.78 0.0000e+00
        819 149.405064     13.805     9.3736  27.788483     0.2885 1.3976e-01     1.6646    167.429     54.950     13.679    25.1135    19.3368    1475.72 0.0000e+00
        820 149.405067     13.656     9.3625  27.772688     0.2889 1.4916e-01     1.6638    167.375     54.916     13.531    25.1056    19.3322    1475.67 0.0000e+00
        821 149.405069     13.506     9.3520  27.758211     0.3021 1.6443e-01     1.6612    166.991     54.775     13.383    25.0986    19.3283    1475.62 0.0000e+00
        822 149.405072     13.353     9.3424  27.743687     0.3025 1.7600e-01     1.6594    166.748     54.680     13.231    25.0909    19.3237    1475.57 0.0000e+00
        823 149.405075     13.200     9.3333  27.730346     0.2996 1.8312e-01     1.6581    166.549     54.601     13.079    25.0840    19.3196    1475.52 0.0000e+00
        824 149.405078     13.046     9.3248  27.719860     0.3017 2.0571e-01     1.6565    166.355     54.526     12.927    25.0796    19.3173    1475.48 0.0000e+00
        825 149.405081     12.893     9.3175  27.710451     0.3074 2.2028e-01     1.6546    166.234     54.476     12.775    25.0754    19.3151    1475.45 0.0000e+00
        826 149.405084     12.742     9.3111  27.700184     0.3107 2.3137e-01     1.6528    166.023     54.397     12.626    25.0697    19.3116    1475.42 0.0000e+00
        827 149.405087     12.593     9.3048  27.689189     0.3120 2.4489e-01     1.6516    165.912     54.351     12.478    25.0632    19.3074    1475.38 0.0000e+00
        828 149.405090     12.444     9.2984  27.677070     0.3091 2.5425e-01     1.6500    165.661     54.258     12.330    25.0557    19.3024    1475.35 0.0000e+00
        829 149.405093     12.294     9.2919  27.662665     0.3177 2.6118e-01     1.6486    165.415     54.166     12.182    25.0459    19.2957    1475.31 0.0000e+00
        830 149.405095     12.143     9.2848  27.645587     0.3194 2.8672e-01     1.6470    165.089     54.047     12.032    25.0339    19.2874    1475.26 0.0000e+00
        831 149.405098     11.990     9.2768  27.628255     0.3177 3.1087e-01     1.6458    164.767     53.927     11.881    25.0223    19.2794    1475.22 0.0000e+00
        832 149.405101     11.836     9.2685  27.615345     0.3198 3.3356e-01     1.6432    164.296     53.761     11.728    25.0153    19.2751    1475.17 0.0000e+00
        833 149.405104     11.682     9.2612  27.607408     0.3334 3.6004e-01     1.6412    163.916     53.626     11.575    25.0125    19.2740    1475.14 0.0000e+00
        834 149.405107     11.528     9.2557  27.600088     0.3169 3.8102e-01     1.6392    163.623     53.523     11.423    25.0091    19.2721    1475.11 0.0000e+00
        835 149.405110     11.376     9.2515  27.589933     0.3235 4.0204e-01     1.6370    163.303     53.411     11.272    25.0020    19.2671    1475.09 0.0000e+00
        836 149.405113     11.224     9.2470  27.576256     0.3285 4.2339e-01     1.6352    163.163     53.356     11.122    24.9915    19.2596    1475.05 0.0000e+00
        837 149.405116     11.073     9.2413  27.559275     0.3280 4.5622e-01     1.6332    162.936     53.271     10.972    24.9786    19.2504    1475.02 0.0000e+00
        838 149.405119     10.921     9.2342  27.539654     0.3293 4.7973e-01     1.6317    162.773     53.204     10.821    24.9641    19.2400    1474.97 0.0000e+00
        839 149.405122     10.769     9.2259  27.519949     0.3416 5.0885e-01     1.6295    162.472     53.091     10.671    24.9502    19.2304    1474.92 0.0000e+00
        840 149.405124     10.617     9.2169  27.503083     0.3231 5.2396e-01     1.6278    162.208     52.990     10.520    24.9397    19.2235    1474.87 0.0000e+00
        841 149.405127     10.464     9.2084  27.489130     0.3445 5.5592e-01     1.6259    161.956     52.895     10.369    24.9318    19.2185    1474.82 0.0000e+00
        842 149.405130     10.312     9.2010  27.474874     0.3433 5.9610e-01     1.6239    161.613     52.771     10.218    24.9228    19.2125    1474.78 0.0000e+00
        843 149.405133     10.159     9.1945  27.457161     0.3478 6.3399e-01     1.6217    161.224     52.632     10.066    24.9097    19.2032    1474.74 0.0000e+00
        844 149.405136     10.006     9.1880  27.435630     0.3635 6.7478e-01     1.6197    160.794     52.478      9.915    24.8928    19.1909    1474.69 0.0000e+00
        845 149.405139      9.852     9.1806  27.412430     0.3775 7.2284e-01     1.6181    160.488     52.363      9.762    24.8748    19.1779    1474.64 0.0000e+00
        846 149.405142      9.697     9.1725  27.391713     0.3808 7.6807e-01     1.6156    159.972     52.180      9.609    24.8598    19.1673    1474.59 0.0000e+00
        847 149.405145      9.542     9.1646  27.376184     0.4022 8.3681e-01     1.6129    159.386     51.977      9.455    24.8499    19.1607    1474.54 0.0000e+00
        848 149.405148      9.388     9.1578  27.364039     0.3812 9.0133e-01     1.6102    158.724     51.750      9.302    24.8425    19.1559    1474.51 0.0000e+00
        849 149.405150      9.235     9.1523  27.352529     0.3754 9.5272e-01     1.6081    158.025     51.513      9.151    24.8349    19.1507    1474.47 0.0000e+00
        850 149.405153      9.083     9.1473  27.339648     0.4092 9.9894e-01     1.6048    157.117     51.209      9.000    24.8255    19.1441    1474.44 0.0000e+00
        851 149.405156      8.930     9.1423  27.322652     0.4179 1.0528e+00     1.6017    156.224     50.907      8.849    24.8121    19.1343    1474.40 0.0000e+00
        852 149.405159      8.776     9.1365  27.300629     0.4104 1.0888e+00     1.5982    155.130     50.538      8.696    24.7942    19.1211    1474.36 0.0000e+00
        853 149.405162      8.621     9.1294  27.276959     0.4504 1.1647e+00     1.5936    153.857     50.110      8.542    24.7755    19.1075    1474.30 0.0000e+00
        854 149.405165      8.463     9.1214  27.256505     0.4438 1.2557e+00     1.5888    152.708     49.722      8.386    24.7607    19.0971    1474.25 0.0000e+00
        855 149.405168      8.304     9.1137  27.240010     0.4656 1.3551e+00     1.5844    151.594     49.347      8.228    24.7496    19.0895    1474.21 0.0000e+00
        856 149.405171      8.146     9.1070  27.222814     0.4904 1.4684e+00     1.5785    150.377     48.939      8.072    24.7371    19.0807    1474.17 0.0000e+00
        857 149.405174      7.989     9.1008  27.200199     0.5390 1.5757e+00     1.5731    149.476     48.634      7.916    24.7188    19.0673    1474.12 0.0000e+00
        858 149.405177      7.833     9.0939  27.172976     0.5522 1.6863e+00     1.5680    148.805     48.401      7.762    24.6964    19.0508    1474.06 0.0000e+00
        859 149.405179      7.679     9.0858  27.146124     0.5699 1.7947e+00     1.5619    148.117     48.161      7.609    24.6753    19.0354    1474.00 0.0000e+00
        860 149.405182      7.526     9.0775  27.122020     0.6688 1.8957e+00     1.5563    147.928     48.085      7.457    24.6569    19.0222    1473.95 0.0000e+00
        861 149.405185      7.372     9.0699  27.099665     0.6824 2.0144e+00     1.5517    148.065     48.116      7.305    24.6399    19.0100    1473.89 0.0000e+00
        862 149.405188      7.217     9.0632  27.078153     0.6997 2.1771e+00     1.5476    148.627     48.286      7.151    24.6231    18.9978    1473.85 0.0000e+00
        863 149.405191      7.060     9.0577  27.056550     0.7281 2.2762e+00     1.5434    149.499     48.558      6.996    24.6053    18.9847    1473.80 0.0000e+00
        864 149.405194      6.903     9.0532  27.035886     0.7635 2.4935e+00     1.5418    151.053     49.052      6.840    24.5878    18.9716    1473.76 0.0000e+00
        865 149.405197      6.745     9.0503  27.018365     0.8286 2.7233e+00     1.5403    153.248     49.757      6.684    24.5723    18.9599    1473.73 0.0000e+00
        866 149.405200      6.588     9.0494  27.002643     0.8863 3.0023e+00     1.5410    156.256     50.727      6.528    24.5573    18.9483    1473.70 0.0000e+00
        867 149.405203      6.432     9.0514  26.985038     0.9736 3.2704e+00     1.5426    159.862     51.894      6.373    24.5383    18.9333    1473.68 0.0000e+00
        868 149.405205      6.276     9.0571  26.963910     1.0902 3.5541e+00     1.5468    164.295     53.332      6.219    24.5133    18.9130    1473.67 0.0000e+00
        869 149.405208      6.120     9.0678  26.941684     1.2439 3.8743e+00     1.5563    170.062     55.207      6.064    24.4838    18.8885    1473.67 0.0000e+00
        870 149.405211      5.963     9.0862  26.921019     1.4454 4.2424e+00     1.5669    176.100     57.178      5.909    24.4506    18.8600    1473.70 0.0000e+00
        871 149.405214      5.806     9.1170  26.902176     1.6592 4.6264e+00     1.5805    182.310     59.220      5.753    24.4108    18.8247    1473.77 0.0000e+00
        872 149.405217      5.650     9.1672  26.884978     1.9097 5.0464e+00     1.5984    188.946     61.425      5.599    24.3594    18.7777    1473.89 0.0000e+00
        873 149.405220      5.494     9.2460  26.869146     2.2986 5.5067e+00     1.6197    195.661     63.693      5.444    24.2901    18.7128    1474.10 0.0000e+00
        874 149.405223      5.338     9.3604  26.854241     2.6764 5.9934e+00     1.6425    202.288     65.981      5.289    24.1979    18.6249    1474.42 0.0000e+00
        875 149.405226      5.182     9.5129  26.838778     3.2478 6.2529e+00     1.6651    208.097     68.058      5.135    24.0801    18.5117    1474.85 0.0000e+00
        876 149.405229      5.026     9.7081  26.820726     3.8510 6.8567e+00     1.6931    213.729     70.140      4.980    23.9323    18.3687    1475.40 0.0000e+00
        877 149.405231      4.871     9.9473  26.800197     4.1855 7.5449e+00     1.7230    218.712     72.077      4.827    23.7544    18.1956    1476.07 0.0000e+00
        878 149.405234      4.715    10.2115  26.775685     4.4739 8.3648e+00     1.7545    223.133     73.875      4.672    23.5583    18.0044    1476.81 0.0000e+00
