CTD_data_day1/sbe55_sbe19p_5262_20260529_re2.cnv
* Sea-Bird SBE 19plus Data File:
* FileName = C:\Data\sbe55_sbe19p_5262\2026-05-29\sbe55_sbe19p_5262_20260529_re2066.hex
* Software Version SeatermAF 2.1.4
* Temperature SN = 5262
* Conductivity SN = 5262
* System UpLoad Time = May 29 2026 09:46:54 (localtime) = May 29 2026 09:46:54 (UTC)
* ds
* SeacatPlus V 1.6b  SERIAL NO. 5262    29 May 2026  09:46:27
# nquan = 15                                
# nvalues = 647                         
# units = specified
# name 0 = scan: Scan Count
# name 1 = timeJ: Julian Days
# name 2 = prdM: Pressure, Strain Gauge [db]
# name 3 = tv290C: Temperature [ITS-90, deg C]
# name 4 = c0mS/cm: Conductivity [mS/cm]
# name 5 = wetStar: Fluorescence, WET Labs WETstar [mg/m^3]
# name 6 = par: PAR/Irradiance, Biospherical/Licor [umol photons/m^2/sec]
# name 7 = sbeox0V: Oxygen raw, SBE 43 [V]
# name 8 = sbeox0Mm/L: Oxygen, SBE 43 [umol/l], WS = 2
# name 9 = sbeox0PS: Oxygen, SBE 43 [% saturation], WS = 2
# name 10 = depSM: Depth [salt water, m], lat = 56
# name 11 = sal00: Salinity, Practical [PSU]
# name 12 = sigma-é00: Density [sigma-theta, kg/m^3]
# name 13 = svCM: Sound Velocity [Chen-Millero, m/s]
# name 14 = flag: flag
# span 0 =        301,        947       
# span 1 = 149.403565, 149.405434       
# span 2 =     -0.107,     44.435       
# span 3 =     9.0355,    13.8948       
# span 4 =   3.246164,  28.661986       
# span 5 =     0.1468,     7.4436       
# span 6 = 1.0000e-12, 2.5047e+02       
# span 7 =     1.5403,     2.2392       
# span 8 =    137.946,    237.219       
# span 9 =     46.416,     83.271       
# span 10 =     -0.106,     44.026      
# span 11 =     2.2451,    25.6852      
# span 12 =     1.1084,    19.7245      
# span 13 =    1461.85,    1486.18      
# span 14 = 0.0000e+00, 0.0000e+00      
# interval = seconds: 0.25
# start_time = May 29 2026 09:39:53 [Instrument's time stamp, header]
# bad_flag = -9.990e-29
*END*
[from data line 579]
        880 149.405240      4.411    10.7166  26.698540     5.0194 1.0034e+01     1.8167    229.810     76.746      4.371    23.1611    17.6198    1478.18 0.0000e+00
        881 149.405243      4.263    10.9583  26.665370     5.1517 1.0793e+01     1.8473    232.014     77.804      4.224    22.9778    17.4403    1478.84 0.0000e+00
        882 149.405246      4.118    11.1958  26.630731     5.3482 1.1501e+01     1.8769    233.650     78.672      4.080    22.7977    17.2636    1479.48 0.0000e+00
        883 149.405249      3.975    11.4286  26.576633     5.5142 1.2406e+01     1.9072    235.190     79.496      3.939    22.6043    17.0769    1480.08 0.0000e+00
        884 149.405252      3.832    11.6710  26.508230     5.6658 1.3493e+01     1.9338    235.929     80.061      3.797    22.3938    16.8750    1480.70 0.0000e+00
        885 149.405255      3.689    11.9267  26.446091     5.7301 1.4855e+01     1.9596    236.176     80.483      3.655    22.1836    16.6708    1481.36 0.0000e+00
        886 149.405258      3.548    12.1687  26.403426     5.8858 1.5884e+01     1.9837    236.208     80.823      3.516    22.0017    16.4902    1482.00 0.0000e+00
        887 149.405260      3.410    12.3653  26.367989     6.0531 1.7176e+01     2.0064    236.077     81.046      3.379    21.8547    16.3438    1482.51 0.0000e+00
        888 149.405263      3.275    12.5180  26.322958     6.1050 1.8715e+01     2.0274    236.049     81.236      3.245    21.7256    16.2184    1482.89 0.0000e+00
        889 149.405266      3.145    12.6545  26.269777     6.2018 2.0247e+01     2.0452    235.774     81.314      3.116    21.5992    16.0977    1483.22 0.0000e+00
        890 149.405269      3.019    12.7933  26.216414     6.3077 2.1423e+01     2.0632    235.555     81.415      2.992    21.4722    15.9759    1483.55 0.0000e+00
        891 149.405272      2.898    12.9331  26.168004     6.4737 2.2791e+01     2.0770    234.962     81.390      2.872    21.3500    15.8575    1483.89 0.0000e+00
        892 149.405275      2.780    13.0642  26.127474     6.5199 2.4378e+01     2.0897    234.454     81.385      2.755    21.2403    15.7503    1484.22 0.0000e+00
        893 149.405278      2.664    13.1776  26.096275     6.5607 2.5789e+01     2.1030    234.360     81.502      2.640    21.1495    15.6605    1484.50 0.0000e+00
        894 149.405281      2.550    13.2687  26.073911     6.6147 2.7371e+01     2.1132    234.067     81.522      2.527    21.0793    15.5904    1484.73 0.0000e+00
        895 149.405284      2.435    13.3366  26.057564     6.6867 2.9154e+01     2.1240    234.302     81.695      2.413    21.0274    15.5385    1484.90 0.0000e+00
        896 149.405286      2.322    13.3835  26.044074     6.7358 3.1123e+01     2.1330    234.415     81.796      2.301    20.9897    15.5012    1485.02 0.0000e+00
        897 149.405289      2.208    13.4147  26.029389     6.7865 3.3940e+01     2.1414    234.566     81.888      2.188    20.9597    15.4725    1485.09 0.0000e+00
        898 149.405292      2.094    13.4388  26.012030     6.8487 3.5681e+01     2.1492    234.734     81.974      2.075    20.9312    15.4463    1485.13 0.0000e+00
        899 149.405295      1.981    13.4631  25.995184     6.9162 3.9006e+01     2.1570    234.789     82.021      1.963    20.9031    15.4203    1485.18 0.0000e+00
        900 149.405298      1.869    13.4883  25.980116     6.9747 4.1580e+01     2.1635    234.790     82.051      1.852    20.8761    15.3951    1485.24 0.0000e+00
        901 149.405301      1.758    13.5129  25.965610     7.3253 4.4810e+01     2.1698    234.684     82.043      1.742    20.8499    15.3705    1485.29 0.0000e+00
        902 149.405304      1.647    13.5365  25.951513     7.4349 4.7892e+01     2.1740    234.079     81.859      1.632    20.8247    15.3469    1485.34 0.0000e+00
        903 149.405307      1.537    13.5589  25.937792     7.3760 5.1702e+01     2.1775    233.277     81.605      1.523    20.8005    15.3243    1485.38 0.0000e+00
        904 149.405310      1.426    13.5793  25.922374     5.5501 5.4390e+01     2.1818    232.518     81.362      1.413    20.7759    15.3017    1485.42 0.0000e+00
        905 149.405313      1.314    13.5990  25.903987     5.2452 5.6816e+01     2.1839    231.513     81.030      1.302    20.7491    15.2776    1485.46 0.0000e+00
        906 149.405315      1.202    13.6214  25.886049     6.6435 6.2809e+01     2.1833    230.195     80.593      1.191    20.7213    15.2522    1485.50 0.0000e+00
        907 149.405318      1.089    13.6457  25.872542     7.4436 7.3672e+01     2.1826    229.078     80.231      1.079    20.6963    15.2286    1485.55 0.0000e+00
        908 149.405321      0.977    13.6666  25.863844     5.0095 8.3295e+01     2.1801    228.112     79.918      0.968    20.6775    15.2104    1485.60 0.0000e+00
        909 149.405324      0.866    13.6807  25.858039     1.0161 8.6125e+01     2.1784    227.609     79.760      0.858    20.6648    15.1981    1485.63 0.0000e+00
        910 149.405327      0.758    13.6906  25.853074     0.5258 9.3496e+01     2.1752    227.160     79.614      0.751    20.6552    15.1889    1485.65 0.0000e+00
        911 149.405330      0.654    13.7004  25.847535     0.5192 1.0103e+02     2.1743    226.931     79.545      0.648    20.6451    15.1794    1485.67 0.0000e+00
        912 149.405333      0.555    13.7129  25.840497     0.6333 2.2895e+02     2.1752    226.679     79.472      0.550    20.6323    15.1673    1485.70 0.0000e+00
        913 149.405336      0.461    13.7280  25.830794     0.6819 2.2019e+02     2.1736    225.682     79.139      0.457    20.6157    15.1518    1485.73 0.0000e+00
        914 149.405339      0.372    13.7439  25.817689     0.6679 2.2128e+02     2.1722    224.275     78.662      0.369    20.5957    15.1336    1485.76 0.0000e+00
        915 149.405341      0.290    13.7570  25.801041     0.6243 2.2418e+02     2.1687    222.119     77.917      0.287    20.5742    15.1147    1485.77 0.0000e+00
        916 149.405344      0.215    13.7632  25.779818     0.5390 2.2723e+02     2.1624    219.443     76.978      0.213    20.5523    15.0967    1485.77 0.0000e+00
        917 149.405347      0.149    13.7601  25.753321     0.6065 2.2940e+02     2.1552    216.863     76.058      0.148    20.5308    15.0807    1485.73 0.0000e+00
        918 149.405350      0.094    13.7464  25.719809     0.7804 2.3126e+02     2.1452    214.287     75.122      0.093    20.5088    15.0663    1485.66 0.0000e+00
        919 149.405353      0.050    13.7219  25.673640     0.4891 2.3240e+02     2.1345    212.217     74.346      0.050    20.4814    15.0496    1485.54 0.0000e+00
        920 149.405356      0.016    13.6886  25.605938     0.3433 2.3269e+02     2.1232    210.742     73.758      0.016    20.4399    15.0236    1485.38 0.0000e+00
        921 149.405359     -0.011    13.6498  25.501705     0.2844 2.3203e+02     2.1117    209.824     73.345     -0.011    20.3691    14.9761    1485.16 -9.990e-29
        922 149.405362     -0.031    13.6092  25.334863     0.2440 2.3207e+02     2.1025    209.799     73.216     -0.031    20.2443    14.8874    1484.88 -9.990e-29
        923 149.405365     -0.048    13.5699  25.062849     0.2465 2.3326e+02     2.0939    210.313     73.236     -0.048    20.0265    14.7268    1484.49 -9.990e-29
        924 149.405367     -0.061    13.5324  24.615573     0.2197 2.3285e+02     2.0871    211.479     73.414     -0.060    19.6542    14.4469    1483.92 -9.990e-29
        925 149.405370     -0.071    13.4959  23.877309     0.2016 2.3334e+02     2.0816    213.272     73.691     -0.070    19.0272    13.9710    1483.06 -9.990e-29
        926 149.405373     -0.078    13.4594  22.657130     0.1847 2.3441e+02     2.0770    215.589     73.953     -0.077    17.9826    13.1736    1481.71 -9.990e-29
        927 149.405376     -0.085    13.4236  20.635430     0.1468 2.3611e+02     2.0744    219.069     74.286     -0.084    16.2518    11.8484    1479.56 -9.990e-29
        928 149.405379     -0.089    13.3912  17.328522     0.1876 2.3740e+02     2.0727    224.162     74.648     -0.088    13.4469     9.6966    1476.16 -9.990e-29
        929 149.405382     -0.093    13.3634  13.192363     0.2147 2.3794e+02     2.0727    229.205     74.670     -0.092    10.0102     7.0578    1472.02 -9.990e-29
        930 149.405385     -0.096    13.3392   9.738351     0.2044 2.3861e+02     2.0721    234.395     75.008     -0.095     7.2173     4.9121    1468.64 -9.990e-29
        931 149.405388     -0.098    13.3164   7.526585     0.2160 2.3823e+02     2.0727    237.219     75.058     -0.097     5.4747     3.5730    1466.49 -9.990e-29
        932 149.405391     -0.100    13.2932   6.165601     0.1941 2.3907e+02 -9.990e-29 -9.990e-29 -9.990e-29     -0.099     4.4240     2.7662    1465.16 -9.990e-29
        933 149.405394     -0.102    13.2690   5.327120     0.1752 2.3991e+02 -9.990e-29 -9.990e-29 -9.990e-29     -0.101     3.7866     2.2777    1464.31 -9.990e-29
        934 149.405396     -0.103    13.2455   4.779444     0.1888 2.4080e+02 -9.990e-29 -9.990e-29 -9.990e-29     -0.102     3.3749     1.9630    1463.73 -9.990e-29
        935 149.405399     -0.103    13.2242   4.414410     0.1723 2.4216e+02 -9.990e-29 -9.990e-29 -9.990e-29     -0.102     3.1027     1.7556    1463.33 -9.990e-29
        936 149.405402     -0.104    13.2053   4.176501 -9.990e-29 2.4271e+02 -9.990e-29 -9.990e-29 -9.990e-29     -0.103     2.9265     1.6220    1463.05 -9.990e-29
        937 149.405405     -0.104    13.1875   4.000783 -9.990e-29 2.4301e+02 -9.990e-29 -9.990e-29 -9.990e-29     -0.103     2.7970     1.5244    1462.83 -9.990e-29
        938 149.405408     -0.105    13.1702   3.826387 -9.990e-29 2.4318e+02 -9.990e-29 -9.990e-29 -9.990e-29     -0.104     2.6688     1.4276    1462.61 -9.990e-29
        939 149.405411     -0.105    13.1537   3.630464 -9.990e-29 2.4169e+02 -9.990e-29 -9.990e-29 -9.990e-29     -0.104     2.5249     1.3186    1462.38 -9.990e-29
        940 149.405414     -0.105    13.1391   3.445656 -9.990e-29 2.4004e+02 -9.990e-29 -9.990e-29 -9.990e-29     -0.104     2.3896     1.2158    1462.17 -9.990e-29
        941 149.405417     -0.106    13.1264   3.316126 -9.990e-29 2.4097e+02 -9.990e-29 -9.990e-29 -9.990e-29     -0.105     2.2952     1.1445    1462.01 -9.990e-29
        942 149.405420     -0.106    13.1154   3.256613 -9.990e-29 2.4254e+02 -9.990e-29 -9.990e-29 -9.990e-29     -0.105     2.2522     1.1127    1461.91 -9.990e-29
        943 149.405422     -0.107    13.1062   3.246164 -9.990e-29 2.4658e+02 -9.990e-29 -9.990e-29 -9.990e-29     -0.106     2.2451     1.1084    1461.87 -9.990e-29
        944 149.405425     -0.107    13.0996   3.253967 -9.990e-29 2.4968e+02 -9.990e-29 -9.990e-29 -9.990e-29     -0.106     2.2512     1.1140    1461.86 -9.990e-29
        945 149.405428     -0.107    13.0971   3.259820 -9.990e-29 2.4998e+02 -9.990e-29 -9.990e-29 -9.990e-29     -0.106     2.2556     1.1177    1461.85 -9.990e-29
        946 149.405431     -0.107 -9.990e-29 -9.990e-29 -9.990e-29 2.4924e+02 -9.990e-29 -9.990e-29 -9.990e-29     -0.106 -9.990e-29 -9.990e-29 -9.990e-29 -9.990e-29
        947 149.405434     -0.107 -9.990e-29 -9.990e-29 -9.990e-29 2.5047e+02 -9.990e-29 -9.990e-29 -9.990e-29     -0.106 -9.990e-29 -9.990e-29 -9.990e-29 -9.990e-29
