CTD_data_day1/sbe55_sbe19p_5262_20260529_re6.cnv
* Sea-Bird SBE 19plus Data File:
* FileName = C:\Data\sbe55_sbe19p_5262\2026-05-29\sbe55_sbe19p_5262_20260529_re6068.hex
* Software Version SeatermAF 2.1.4
* Temperature SN = 5262
* Conductivity SN = 5262
* System UpLoad Time = May 29 2026 11:42:05 (localtime) = May 29 2026 11:42:05 (UTC)
* ds
* SeacatPlus V 1.6b  SERIAL NO. 5262    29 May 2026  11:41:12
# nquan = 15                                
# nvalues = 1054                        
# units = specified
# name 0 = scan: Scan Count
# name 1 = timeJ: Julian Days
# name 2 = prdM: Pressure, Strain Gauge [db]
# name 3 = tv290C: Temperature [ITS-90, deg C]
# name 4 = c0mS/cm: Conductivity [mS/cm]
# name 5 = wetStar: Fluorescence, WET Labs WETstar [mg/m^3]
# name 6 = par: PAR/Irradiance, Biospherical/Licor [umol photons/m^2/sec]
# name 7 = sbeox0V: Oxygen raw, SBE 43 [V]
# name 8 = sbeox0Mm/L: Oxygen, SBE 43 [umol/l], WS = 2
# name 9 = sbeox0PS: Oxygen, SBE 43 [% saturation], WS = 2
# name 10 = depSM: Depth [salt water, m], lat = 56
# name 11 = sal00: Salinity, Practical [PSU]
# name 12 = sigma-é00: Density [sigma-theta, kg/m^3]
# name 13 = svCM: Sound Velocity [Chen-Millero, m/s]
# name 14 = flag: flag
# span 0 =        301,       1354       
# span 1 = 149.482164, 149.485211       
# span 2 =     -0.107,     51.693       
# span 3 =    10.2677,    11.5343       
# span 4 =   2.596399,  31.248272       
# span 5 =     0.0244,     2.5483       
# span 6 = 1.0000e-12, 2.2779e+02       
# span 7 =     1.9082,     2.1804       
# span 8 =    200.649,    236.058       
# span 9 =     66.212,     81.276       
# span 10 =     -0.106,     51.216      
# span 11 =     1.8592,    27.5035      
# span 12 =     1.0296,    21.0570      
# span 13 =    1454.62,    1484.94      
# span 14 = 0.0000e+00, 0.0000e+00      
# interval = seconds: 0.25
# start_time = May 29 2026 11:33:04 [Instrument's time stamp, header]
# bad_flag = -9.990e-29
*END*
        301 149.482164      0.890    11.5343  28.307337     2.5483 7.3776e+01     2.1350    229.101     78.384      0.882    24.1607    18.2651    1482.27 -9.990e-29
        302 149.482167      0.890    11.5299  28.310036     2.5363 7.2248e+01     2.1356    229.201     78.413      0.882    24.1661    18.2700    1482.26 -9.990e-29
        303 149.482170      0.889    11.5263  28.313194     2.5231 7.3971e+01     2.1350    229.127     78.384      0.881    24.1714    18.2747    1482.25 -9.990e-29
        304 149.482173      0.889    11.5232  28.316593     2.4708 7.5270e+01     2.1353    229.178     78.399      0.881    24.1766    18.2792    1482.25 -9.990e-29
        305 149.482176      0.889    11.5202  28.318834     2.4626 7.1893e+01     2.1349    228.840     78.280      0.881    24.1807    18.2829    1482.24 -9.990e-29
        306 149.482179      0.888    11.5177  28.319122     2.4090 7.0926e+01     2.1347    228.801     78.264      0.880    24.1826    18.2848    1482.24 -9.990e-29
        307 149.482182      0.888    11.5159  28.317714     2.4366 7.7323e+01     2.1340    228.723     78.234      0.880    24.1824    18.2849    1482.23 -9.990e-29
        308 149.482185      0.888    11.5149  28.314950     2.4288 7.3685e+01     2.1343    228.838     78.271      0.880    24.1805    18.2836    1482.22 -9.990e-29
        309 149.482188      0.888    11.5146  28.311008     2.4675 7.0058e+01     2.1332    228.758     78.241      0.880    24.1770    18.2809    1482.22 -9.990e-29
        310 149.482190      0.888    11.5150  28.307112     2.5376 7.1817e+01     2.1340    228.962     78.310      0.880    24.1731    18.2778    1482.22 -9.990e-29
        311 149.482193      0.888    11.5160  28.304655     2.4531 7.3504e+01     2.1334    228.944     78.304      0.880    24.1701    18.2754    1482.22 -9.990e-29
        312 149.482196      0.888    11.5171  28.303650     2.4379 7.3997e+01     2.1342    229.093     78.356      0.880    24.1684    18.2739    1482.22 -9.990e-29
        313 149.482199      0.887    11.5177  28.303898     2.4086 7.1164e+01     2.1337    229.061     78.346      0.879    24.1683    18.2737    1482.22 -9.990e-29
        314 149.482202      0.887    11.5176  28.305926     2.4585 7.4822e+01     2.1340    229.029     78.336      0.879    24.1702    18.2752    1482.22 -9.990e-29
        315 149.482205      0.887    11.5166  28.309325     2.4115 7.3530e+01     2.1338    229.037     78.338      0.879    24.1741    18.2784    1482.22 -9.990e-29
        316 149.482208      0.887    11.5146  28.312195     2.4358 7.3117e+01     2.1341    229.020     78.331      0.879    24.1781    18.2818    1482.22 -9.990e-29
        317 149.482211      0.887    11.5125  28.313465     2.3872 7.3543e+01     2.1338    229.017     78.328      0.879    24.1807    18.2841    1482.22 -9.990e-29
        318 149.482214      0.886    11.5108  28.314077     2.3719 7.3362e+01     2.1337    229.002     78.321      0.878    24.1823    18.2857    1482.21 -9.990e-29
        319 149.482216      0.886    11.5097  28.316067     2.3645 7.7432e+01     2.1341    229.072     78.344      0.878    24.1849    18.2879    1482.21 -9.990e-29
        320 149.482219      0.885    11.5086  28.320260     2.3934 7.0764e+01     2.1337    229.056     78.339      0.877    24.1896    18.2917    1482.21 -9.990e-29
        321 149.482222      0.885    11.5068  28.324629     2.4086 7.3737e+01     2.1339    229.078     78.346      0.877    24.1949    18.2961    1482.21 -9.990e-29
        322 149.482225      0.885    11.5045  28.327270     2.3604 7.7924e+01     2.1340    229.041     78.331      0.877    24.1989    18.2995    1482.21 -9.990e-29
        323 149.482228      0.885    11.5023  28.328742     2.3604 7.4520e+01     2.1339    229.000     78.315      0.877    24.2017    18.3021    1482.20 -9.990e-29
        324 149.482231      0.885    11.5006  28.330061     2.3472 7.5882e+01     2.1345    229.099     78.347      0.877    24.2040    18.3042    1482.20 -9.990e-29
        325 149.482234      0.885    11.4992  28.331765     2.4000 7.5868e+01     2.1337    228.964     78.300      0.877    24.2065    18.3063    1482.20 -9.990e-29
        326 149.482237      0.884    11.4979  28.334212     2.3427 7.2388e+01     2.1334    228.860     78.264      0.876    24.2097    18.3090    1482.20 -9.990e-29
        327 149.482240      0.884    11.4965  28.337651     2.3588 7.7079e+01     2.1337    228.886     78.272      0.876    24.2138    18.3124    1482.20 -9.990e-29
        328 149.482242      0.884    11.4949  28.342325     2.2982 7.4993e+01     2.1337    228.851     78.260      0.876    24.2193    18.3169    1482.20 -9.990e-29
        329 149.482245      0.885    11.4928  28.347063     2.3077 7.3893e+01     2.1337    228.970     78.300      0.877    24.2251    18.3218    1482.20 -9.990e-29
        330 149.482248      0.885    11.4904  28.349832     2.3007 7.5019e+01     2.1330    228.892     78.272      0.877    24.2293    18.3254    1482.20 -9.990e-29
        331 149.482251      0.885    11.4884  28.350434     2.2912 7.4101e+01     2.1332    228.911     78.276      0.877    24.2312    18.3272    1482.19 -9.990e-29
        332 149.482254      0.885    11.4872  28.349975     2.2846 7.3130e+01     2.1329    228.893     78.268      0.877    24.2315    18.3277    1482.19 -9.990e-29
        333 149.482257      0.886    11.4868  28.349585     2.2619 7.3763e+01     2.1337    229.090     78.334      0.878    24.2314    18.3276    1482.18 -9.990e-29
        334 149.482260      0.886    11.4869  28.350288     2.3040 7.5112e+01     2.1333    229.051     78.321      0.878    24.2320    18.3281    1482.19 -9.990e-29
        335 149.482263      0.886    11.4868  28.352180     2.2529 7.4362e+01     2.1332    229.009     78.308      0.878    24.2338    18.3295    1482.19 -9.990e-29
        336 149.482266      0.886    11.4863  28.354411     2.2640 7.3401e+01     2.1332    228.972     78.296      0.878    24.2363    18.3315    1482.19 -9.990e-29
        337 149.482269      0.886    11.4853  28.356372     2.2574 7.4127e+01     2.1338    228.952     78.288      0.878    24.2388    18.3336    1482.19 -9.990e-29
        338 149.482271      0.886    11.4840  28.358339     2.2533 7.3711e+01     2.1331    228.911     78.273      0.878    24.2415    18.3359    1482.19 -9.990e-29
        339 149.482274      0.886    11.4825  28.360399     2.2978 7.3893e+01     2.1333    228.820     78.241      0.878    24.2444    18.3384    1482.18 -9.990e-29
        340 149.482277      0.886    11.4809  28.361876     2.2290 7.3724e+01     2.1330    228.727     78.208      0.878    24.2468    18.3405    1482.18 -9.990e-29
        341 149.482280      0.886    11.4794  28.362277     2.2014 7.2886e+01     2.1325    228.561     78.149      0.878    24.2482    18.3418    1482.18 -9.990e-29
        342 149.482283      0.886    11.4784  28.361595     2.2236 7.3984e+01     2.1333    228.676     78.187      0.878    24.2482    18.3420    1482.17 -9.990e-29
        343 149.482286      0.886    11.4779  28.360267     2.2895 7.4467e+01     2.1316    228.389     78.087      0.878    24.2473    18.3414    1482.17 -9.990e-29
        344 149.482289      0.886    11.4781  28.358947     2.2030 7.2337e+01     2.1321    228.506     78.127      0.878    24.2459    18.3403    1482.17 -9.990e-29
        345 149.482292      0.886    11.4785  28.357611     2.2780 7.4349e+01     2.1313    228.424     78.099      0.878    24.2444    18.3390    1482.17 -9.990e-29
        346 149.482295      0.886    11.4791  28.355871     2.2558 7.4703e+01     2.1312    228.450     78.108      0.878    24.2423    18.3374    1482.17 -9.990e-29
        347 149.482297      0.886    11.4799  28.354114     2.2562 7.1490e+01     2.1309    228.536     78.138      0.878    24.2402    18.3356    1482.17 -9.990e-29
        348 149.482300      0.886    11.4809  28.353161     2.2562 7.4493e+01     2.1312    228.578     78.153      0.878    24.2386    18.3342    1482.17 -9.990e-29
        349 149.482303      0.886    11.4817  28.352797     2.2413 7.4808e+01     2.1309    228.579     78.154      0.878    24.2378    18.3334    1482.17 -9.990e-29
        350 149.482306      0.886    11.4821  28.352328     2.2871 7.2197e+01     2.1311    228.620     78.168      0.878    24.2371    18.3328    1482.17 -9.990e-29
        351 149.482309      0.885    11.4825  28.351852     2.2636 7.6714e+01     2.1308    228.523     78.135      0.877    24.2363    18.3322    1482.18 -9.990e-29
        352 149.482312      0.885    11.4829  28.351728     2.2430 7.3698e+01     2.1308    228.515     78.133      0.877    24.2360    18.3318    1482.18 -9.990e-29
        353 149.482315      0.885    11.4834  28.351842     2.2553 7.2835e+01     2.1305    228.555     78.148      0.877    24.2357    18.3316    1482.18 -9.990e-29
        354 149.482318      0.885    11.4838  28.352524     2.2623 7.4219e+01     2.1307    228.611     78.168      0.877    24.2361    18.3318    1482.18 -9.990e-29
        355 149.482321      0.885    11.4838  28.354638     2.2941 7.6646e+01     2.1299    228.573     78.156      0.877    24.2381    18.3333    1482.18 -9.990e-29
        356 149.482323      0.885    11.4832  28.357745     2.2928 7.4730e+01     2.1305    228.677     78.192      0.877    24.2414    18.3360    1482.18 -9.990e-29
        357 149.482326      0.886    11.4819  28.360050     2.2566 7.3002e+01     2.1311    228.872     78.258      0.878    24.2445    18.3385    1482.18 -9.990e-29
        358 149.482329      0.886    11.4805  28.360264     2.2595 7.2286e+01     2.1308    228.811     78.235      0.878    24.2456    18.3396    1482.18 -9.990e-29
        359 149.482332      0.886    11.4795  28.358701     2.2364 7.6082e+01     2.1311    228.901     78.264      0.878    24.2447    18.3392    1482.17 -9.990e-29
        360 149.482335      0.886    11.4794  28.356660     2.2533 7.3002e+01     2.1308    228.723     78.202      0.878    24.2429    18.3378    1482.17 -9.990e-29
        361 149.482338      0.886    11.4799  28.355456     2.2603 7.1780e+01     2.1318    228.758     78.214      0.878    24.2414    18.3365    1482.17 -9.990e-29
        362 149.482341      0.886    11.4805  28.355658     2.2801 7.6754e+01     2.1309    228.596     78.159      0.878    24.2412    18.3363    1482.17 -9.990e-29
        363 149.482344      0.886    11.4808  28.356266     2.2212 7.2925e+01     2.1315    228.653     78.180      0.878    24.2416    18.3365    1482.18 -9.990e-29
        364 149.482347      0.886    11.4808  28.356054     2.2718 7.4743e+01     2.1306    228.506     78.130      0.878    24.2414    18.3364    1482.18 -9.990e-29
        365 149.482350      0.886    11.4811  28.355201     2.2393 7.2312e+01     2.1304    228.499     78.127      0.878    24.2404    18.3355    1482.18 -9.990e-29
        366 149.482352      0.886    11.4817  28.354429     2.2286 7.4349e+01     2.1305    228.622     78.170      0.878    24.2393    18.3346    1482.18 -9.990e-29
        367 149.482355      0.886    11.4823  28.353666     2.2269 7.3298e+01     2.1308    228.668     78.186      0.878    24.2382    18.3336    1482.18 -9.990e-29
        368 149.482358      0.886    11.4826  28.352343     2.2718 7.3349e+01     2.1305    228.772     78.221      0.878    24.2367    18.3325    1482.18 -9.990e-29
        369 149.482361      0.886    11.4827  28.350851     2.2286 7.4835e+01     2.1312    228.895     78.263      0.878    24.2353    18.3313    1482.17 -9.990e-29
        370 149.482364      0.886    11.4827  28.350074     2.2632 7.4376e+01     2.1311    228.822     78.237      0.878    24.2345    18.3307    1482.17 -9.990e-29
        371 149.482367      0.886    11.4826  28.349716     2.2446 7.3984e+01     2.1308    228.772     78.220      0.878    24.2343    18.3305    1482.17 -9.990e-29
        372 149.482370      0.886    11.4825  28.349281     2.3052 7.3517e+01     2.1317    228.877     78.256      0.878    24.2339    18.3303    1482.17 -9.990e-29
        373 149.482373      0.886    11.4826  28.349319     2.2628 7.5072e+01     2.1314    228.788     78.225      0.878    24.2339    18.3303    1482.17 -9.990e-29
        374 149.482376      0.886    11.4827  28.350081     2.2722 7.5138e+01     2.1309    228.732     78.207      0.878    24.2345    18.3307    1482.17 -9.990e-29
        375 149.482378      0.886    11.4829  28.351256     2.2331 7.2835e+01     2.1315    228.849     78.247      0.878    24.2355    18.3315    1482.18 -9.990e-29
        376 149.482381      0.886    11.4829  28.352128     2.2306 7.4624e+01     2.1312    228.799     78.231      0.878    24.2363    18.3321    1482.18 -9.990e-29
        377 149.482384      0.886    11.4829  28.351310     2.2364 7.3789e+01     2.1314    228.858     78.250      0.878    24.2356    18.3315    1482.18 -9.990e-29
        378 149.482387      0.886    11.4832  28.348525     2.2376 7.3130e+01     2.1315    228.875     78.255      0.878    24.2328    18.3293    1482.17 -9.990e-29
        379 149.482390      0.886    11.4842  28.345270     2.2656 7.4677e+01     2.1319    228.891     78.261      0.878    24.2290    18.3262    1482.17 -9.990e-29
        380 149.482393      0.885    11.4856  28.343041     2.2158 7.4297e+01     2.1320    228.873     78.255      0.877    24.2260    18.3237    1482.17 -9.990e-29
        381 149.482396      0.885    11.4869  28.342532     2.2755 7.2426e+01     2.1316    228.709     78.201      0.877    24.2247    18.3224    1482.18 -9.990e-29
        382 149.482399      0.885    11.4878  28.343287     2.2821 7.5615e+01     2.1316    228.655     78.184      0.877    24.2248    18.3224    1482.18 -9.990e-29
        383 149.482402      0.885    11.4881  28.344429     2.2792 7.1590e+01     2.1318    228.647     78.182      0.877    24.2257    18.3230    1482.18 -9.990e-29
        384 149.482405      0.885    11.4880  28.346631     2.4024 7.4127e+01     2.1314    228.594     78.165      0.877    24.2278    18.3247    1482.18 -9.990e-29
        385 149.482407      0.885    11.4874  28.350862     2.2681 7.4467e+01     2.1309    228.562     78.155      0.877    24.2322    18.3282    1482.19 -9.990e-29
        386 149.482410      0.885    11.4862  28.356703     2.2570 7.4010e+01     2.1312    228.602     78.170      0.877    24.2385    18.3332    1482.19 -9.990e-29
        387 149.482413      0.884    11.4845  28.362730     2.2834 7.2490e+01     2.1312    228.588     78.166      0.876    24.2453    18.3388    1482.19 -9.990e-29
        388 149.482416      0.884    11.4825  28.365769     2.3262 7.5722e+01     2.1311    228.674     78.194      0.876    24.2494    18.3423    1482.19 -9.990e-29
        389 149.482419      0.884    11.4807  28.362394     2.2792 7.4140e+01     2.1312    228.760     78.219      0.876    24.2474    18.3411    1482.18 -9.990e-29
        390 149.482422      0.884    11.4801  28.352164     2.2953 7.3543e+01     2.1310    228.676     78.185      0.876    24.2382    18.3340    1482.17 -9.990e-29
        391 149.482425      0.884    11.4818  28.338051     2.2652 7.4193e+01     2.1307    228.688     78.184      0.876    24.2238    18.3226    1482.16 -9.990e-29
        392 149.482428      0.884    11.4859  28.324936     2.3151 7.2771e+01     2.1315    228.744     78.203      0.876    24.2088    18.3103    1482.15 -9.990e-29
        393 149.482431      0.885    11.4909  28.316385     2.3221 7.5363e+01     2.1315    228.692     78.189      0.877    24.1975    18.3007    1482.16 -9.990e-29
        394 149.482433      0.885    11.4953  28.312498     2.3147 7.3220e+01     2.1306    228.549     78.144      0.877    24.1910    18.2949    1482.17 -9.990e-29
        395 149.482436      0.885    11.4984  28.311315     2.3316 7.4153e+01     2.1315    228.720     78.206      0.877    24.1878    18.2920    1482.17 -9.990e-29
        396 149.482439      0.885    11.5002  28.310743     2.3550 7.4193e+01     2.1304    228.494     78.131      0.877    24.1861    18.2904    1482.18 -9.990e-29
