CTD_data_day1/sbe55_sbe19p_5262_20260529_re5.cnv
* Sea-Bird SBE 19plus Data File:
* FileName = C:\Data\sbe55_sbe19p_5262\2026-05-29\sbe55_sbe19p_5262_20260529_re5064.hex
* Software Version SeatermAF 2.1.4
* Temperature SN = 5262
* Conductivity SN = 5262
* System UpLoad Time = May 29 2026 08:08:10 (localtime) = May 29 2026 08:08:10 (UTC)
* ds
* SeacatPlus V 1.6b  SERIAL NO. 5262    29 May 2026  08:07:38
# nquan = 15                                
# nvalues = 2410                        
# units = specified
# name 0 = scan: Scan Count
# name 1 = timeJ: Julian Days
# name 2 = prdM: Pressure, Strain Gauge [db]
# name 3 = tv290C: Temperature [ITS-90, deg C]
# name 4 = c0mS/cm: Conductivity [mS/cm]
# name 5 = wetStar: Fluorescence, WET Labs WETstar [mg/m^3]
# name 6 = par: PAR/Irradiance, Biospherical/Licor [umol photons/m^2/sec]
# name 7 = sbeox0V: Oxygen raw, SBE 43 [V]
# name 8 = sbeox0Mm/L: Oxygen, SBE 43 [umol/l], WS = 2
# name 9 = sbeox0PS: Oxygen, SBE 43 [% saturation], WS = 2
# name 10 = depSM: Depth [salt water, m], lat = 56
# name 11 = sal00: Salinity, Practical [PSU]
# name 12 = sigma-é00: Density [sigma-theta, kg/m^3]
# name 13 = svCM: Sound Velocity [Chen-Millero, m/s]
# name 14 = flag: flag
# span 0 =        301,       2710       
# span 1 = 149.326065, 149.333035       
# span 2 =     -0.163,    141.222       
# span 3 =     9.6041,    11.5190       
# span 4 =   2.352278,  31.322487       
# span 5 =    -0.0238,     2.0325       
# span 6 = 1.0000e-12, 4.7801e+02       
# span 7 =     1.0776,     2.0990       
# span 8 =     78.693,    243.856       
# span 9 =     27.398,     76.729       
# span 10 =     -0.162,    139.889      
# span 11 =     1.6898,    26.9758      
# span 12 =     0.9328,    20.4519      
# span 13 =    1453.15,    1487.88      
# span 14 = 0.0000e+00, 0.0000e+00      
# interval = seconds: 0.25
# start_time = May 29 2026 07:48:17 [Instrument's time stamp, header]
# bad_flag = -9.990e-29
*END*
[from data line 1639]
       1940 149.330807     88.890    11.4184  31.162965     0.3008 1.0000e-12     1.1237     85.764     29.784     88.062    26.9151    20.4207    1486.59 0.0000e+00
       1941 149.330810     88.758    11.4177  31.161617     0.2988 1.0000e-12     1.1248     85.950     29.848     87.931    26.9143    20.4202    1486.59 0.0000e+00
       1942 149.330813     88.625    11.4167  31.159745     0.3120 1.0000e-12     1.1255     86.096     29.898     87.800    26.9133    20.4196    1486.58 0.0000e+00
       1943 149.330816     88.492    11.4155  31.157762     0.3021 1.0000e-12     1.1262     86.194     29.931     87.668    26.9124    20.4191    1486.57 0.0000e+00
       1944 149.330819     88.360    11.4141  31.155940     0.3021 1.0000e-12     1.1265     86.219     29.938     87.537    26.9117    20.4188    1486.57 0.0000e+00
       1945 149.330822     88.228    11.4128  31.154158     0.3021 1.0000e-12     1.1271     86.245     29.946     87.406    26.9110    20.4184    1486.56 0.0000e+00
       1946 149.330825     88.096    11.4115  31.152212     0.3037 1.0000e-12     1.1278     86.347     29.981     87.276    26.9101    20.4180    1486.55 0.0000e+00
       1947 149.330828     87.964    11.4102  31.149978     0.2971 1.0000e-12     1.1277     86.374     29.989     87.145    26.9090    20.4173    1486.54 0.0000e+00
       1948 149.330830     87.832    11.4088  31.147450     0.2967 1.0000e-12     1.1284     86.540     30.046     87.014    26.9076    20.4165    1486.53 0.0000e+00
       1949 149.330833     87.700    11.4072  31.144923     0.3050 1.0000e-12     1.1291     86.628     30.075     86.883    26.9064    20.4158    1486.52 0.0000e+00
       1950 149.330836     87.566    11.4054  31.142742     0.2996 1.0000e-12     1.1298     86.721     30.106     86.751    26.9057    20.4156    1486.51 0.0000e+00
       1951 149.330839     87.432    11.4038  31.141042     0.3050 1.0000e-12     1.1306     86.845     30.148     86.618    26.9053    20.4155    1486.51 0.0000e+00
       1952 149.330842     87.298    11.4023  31.139636     0.3021 1.0000e-12     1.1313     86.985     30.195     86.485    26.9051    20.4156    1486.50 0.0000e+00
       1953 149.330845     87.163    11.4011  31.138034     0.3066 1.0000e-12     1.1313     86.984     30.194     86.352    26.9045    20.4153    1486.49 0.0000e+00
       1954 149.330848     87.030    11.3999  31.135865     0.3000 1.0000e-12     1.1318     87.024     30.207     86.220    26.9033    20.4146    1486.48 0.0000e+00
       1955 149.330851     86.897    11.3986  31.133336     0.3000 1.0000e-12     1.1323     87.079     30.225     86.088    26.9019    20.4138    1486.47 0.0000e+00
       1956 149.330854     86.764    11.3971  31.130866     0.3004 1.0000e-12     1.1339     87.302     30.301     85.956    26.9007    20.4131    1486.47 0.0000e+00
       1957 149.330856     86.630    11.3955  31.128684     0.3021 1.0000e-12     1.1341     87.378     30.326     85.824    26.8998    20.4126    1486.46 0.0000e+00
       1958 149.330859     86.497    11.3939  31.126794     0.3058 1.0000e-12     1.1343     87.373     30.324     85.692    26.8992    20.4125    1486.45 0.0000e+00
       1959 149.330862     86.364    11.3924  31.124880     0.2988 1.0000e-12     1.1349     87.419     30.338     85.560    26.8985    20.4122    1486.44 0.0000e+00
       1960 149.330865     86.232    11.3910  31.122657     0.2988 1.0000e-12     1.1353     87.411     30.334     85.429    26.8974    20.4116    1486.43 0.0000e+00
       1961 149.330868     86.099    11.3896  31.120153     0.2959 1.0000e-12     1.1362     87.560     30.385     85.298    26.8961    20.4108    1486.42 0.0000e+00
       1962 149.330871     85.967    11.3880  31.117583     0.2976 1.0000e-12     1.1365     87.605     30.399     85.167    26.8949    20.4101    1486.41 0.0000e+00
       1963 149.330874     85.835    11.3863  31.115037     0.2918 1.0000e-12     1.1371     87.657     30.416     85.036    26.8937    20.4095    1486.40 0.0000e+00
       1964 149.330877     85.702    11.3846  31.112302     0.2963 1.0000e-12     1.1375     87.704     30.431     84.905    26.8924    20.4087    1486.39 0.0000e+00
       1965 149.330880     85.570    11.3827  31.109410     0.3004 1.0000e-12     1.1378     87.702     30.429     84.774    26.8910    20.4080    1486.38 0.0000e+00
       1966 149.330883     85.438    11.3807  31.106584     0.2976 1.0000e-12     1.1383     87.709     30.430     84.643    26.8898    20.4074    1486.37 0.0000e+00
       1967 149.330885     85.306    11.3787  31.103921     0.2943 1.0000e-12     1.1387     87.764     30.447     84.512    26.8888    20.4069    1486.36 0.0000e+00
       1968 149.330888     85.174    11.3767  31.101432     0.3029 1.0000e-12     1.1393     87.865     30.481     84.382    26.8879    20.4066    1486.35 0.0000e+00
       1969 149.330891     85.043    11.3748  31.098831     0.3004 1.0000e-12     1.1395     87.953     30.510     84.252    26.8869    20.4061    1486.34 0.0000e+00
       1970 149.330894     84.912    11.3730  31.095945     0.2951 1.0000e-12     1.1392     87.870     30.480     84.122    26.8855    20.4053    1486.33 0.0000e+00
       1971 149.330897     84.782    11.3711  31.093040     0.2943 1.0000e-12     1.1403     87.994     30.521     83.993    26.8841    20.4046    1486.32 0.0000e+00
       1972 149.330900     84.651    11.3692  31.090372     0.2951 1.0000e-12     1.1407     87.978     30.514     83.863    26.8830    20.4040    1486.31 0.0000e+00
       1973 149.330903     84.520    11.3673  31.087939     0.2914 1.0000e-12     1.1416     88.121     30.562     83.734    26.8821    20.4036    1486.30 0.0000e+00
       1974 149.330906     84.389    11.3655  31.085715     0.2959 1.0000e-12     1.1411     88.122     30.561     83.604    26.8813    20.4033    1486.29 0.0000e+00
       1975 149.330909     84.259    11.3638  31.083476     0.2951 1.0000e-12     1.1414     88.098     30.552     83.475    26.8805    20.4029    1486.28 0.0000e+00
       1976 149.330911     84.130    11.3622  31.080824     0.3000 1.0000e-12     1.1412     88.077     30.543     83.347    26.8791    20.4022    1486.27 0.0000e+00
       1977 149.330914     84.001    11.3605  31.077738     0.2984 1.0000e-12     1.1421     88.285     30.614     83.220    26.8775    20.4012    1486.26 0.0000e+00
       1978 149.330917     83.874    11.3585  31.074478     0.2996 1.0000e-12     1.1432     88.548     30.703     83.094    26.8758    20.4002    1486.25 0.0000e+00
       1979 149.330920     83.746    11.3563  31.071139     0.3008 1.0000e-12     1.1429     88.549     30.702     82.967    26.8743    20.3994    1486.24 0.0000e+00
       1980 149.330923     83.618    11.3540  31.067480     0.2947 1.0000e-12     1.1433     88.620     30.725     82.840    26.8725    20.3984    1486.23 0.0000e+00
       1981 149.330926     83.490    11.3516  31.063138     0.2967 1.0000e-12     1.1444     88.666     30.739     82.714    26.8701    20.3970    1486.21 0.0000e+00
       1982 149.330929     83.363    11.3489  31.058243     0.2922 1.0000e-12     1.1445     88.703     30.749     82.588    26.8675    20.3954    1486.20 0.0000e+00
       1983 149.330932     83.236    11.3458  31.053111     0.2967 1.0000e-12     1.1451     88.825     30.789     82.462    26.8649    20.3938    1486.18 0.0000e+00
       1984 149.330935     83.111    11.3425  31.047577     0.2930 1.0000e-12     1.1454     88.853     30.796     82.338    26.8620    20.3922    1486.17 0.0000e+00
       1985 149.330938     82.986    11.3389  31.041904     0.2934 1.0000e-12     1.1452     88.780     30.767     82.214    26.8592    20.3906    1486.15 0.0000e+00
       1986 149.330940     82.859    11.3351  31.037241     0.2963 1.0000e-12     1.1466     89.053     30.859     82.089    26.8576    20.3900    1486.13 0.0000e+00
       1987 149.330943     82.732    11.3315  31.034195     0.2930 1.0000e-12     1.1465     89.056     30.858     81.963    26.8573    20.3904    1486.11 0.0000e+00
       1988 149.330946     82.605    11.3286  31.032007     0.2947 1.0000e-12     1.1471     89.238     30.919     81.837    26.8574    20.3909    1486.10 0.0000e+00
       1989 149.330949     82.479    11.3264  31.029699     0.2943 1.0000e-12     1.1473     89.279     30.932     81.712    26.8568    20.3908    1486.09 0.0000e+00
       1990 149.330952     82.354    11.3245  31.026990     0.2943 1.0000e-12     1.1483     89.400     30.972     81.588    26.8557    20.3903    1486.08 0.0000e+00
       1991 149.330955     82.231    11.3226  31.023529     0.2885 1.0000e-12     1.1485     89.430     30.981     81.466    26.8538    20.3891    1486.07 0.0000e+00
       1992 149.330958     82.107    11.3204  31.019075     0.2922 1.0000e-12     1.1497     89.548     31.020     81.344    26.8512    20.3874    1486.06 0.0000e+00
       1993 149.330961     81.983    11.3177  31.014320     0.2930 1.0000e-12     1.1495     89.506     31.003     81.221    26.8486    20.3859    1486.04 0.0000e+00
       1994 149.330964     81.858    11.3146  31.010235     0.2934 1.0000e-12     1.1504     89.524     31.007     81.097    26.8470    20.3852    1486.03 0.0000e+00
       1995 149.330966     81.731    11.3116  31.007066     0.2922 1.0000e-12     1.1502     89.440     30.975     80.971    26.8462    20.3851    1486.01 0.0000e+00
       1996 149.330969     81.605    11.3089  31.004209     0.2930 1.0000e-12     1.1506     89.440     30.974     80.846    26.8455    20.3849    1486.00 0.0000e+00
       1997 149.330972     81.480    11.3066  31.001190     0.2938 1.0000e-12     1.1513     89.637     31.040     80.723    26.8443    20.3844    1485.99 0.0000e+00
       1998 149.330975     81.356    11.3043  30.997879     0.2976 1.0000e-12     1.1510     89.575     31.016     80.600    26.8428    20.3837    1485.98 0.0000e+00
       1999 149.330978     81.233    11.3021  30.994153     0.2992 1.0000e-12     1.1513     89.689     31.054     80.478    26.8409    20.3825    1485.97 0.0000e+00
       2000 149.330981     81.109    11.2996  30.990387     0.2910 1.0000e-12     1.1518     89.773     31.081     80.355    26.8392    20.3816    1485.95 0.0000e+00
       2001 149.330984     80.984    11.2971  30.987095     0.2963 1.0000e-12     1.1529     89.955     31.142     80.231    26.8379    20.3810    1485.94 0.0000e+00
       2002 149.330987     80.859    11.2946  30.984546     0.2910 1.0000e-12     1.1526     90.000     31.156     80.108    26.8373    20.3810    1485.93 0.0000e+00
       2003 149.330990     80.734    11.2925  30.982814     0.2984 1.0000e-12     1.1533     90.058     31.175     79.984    26.8372    20.3813    1485.92 0.0000e+00
       2004 149.330992     80.609    11.2909  30.981253     0.2984 1.0000e-12     1.1536     90.022     31.161     79.860    26.8369    20.3813    1485.91 0.0000e+00
       2005 149.330995     80.485    11.2897  30.979193     0.2947 1.0000e-12     1.1541     90.056     31.172     79.737    26.8359    20.3807    1485.90 0.0000e+00
       2006 149.330998     80.362    11.2884  30.976333     0.2934 1.0000e-12     1.1548     90.195     31.219     79.615    26.8341    20.3795    1485.89 0.0000e+00
       2007 149.331001     80.239    11.2867  30.972747     0.2943 1.0000e-12     1.1546     90.163     31.206     79.493    26.8319    20.3781    1485.88 0.0000e+00
       2008 149.331004     80.116    11.2846  30.969095     0.2951 1.0000e-12     1.1547     90.194     31.215     79.372    26.8300    20.3770    1485.87 0.0000e+00
       2009 149.331007     79.993    11.2822  30.966075     0.2938 1.0000e-12     1.1554     90.287     31.245     79.250    26.8289    20.3765    1485.86 0.0000e+00
       2010 149.331010     79.870    11.2800  30.963862     0.2918 1.0000e-12     1.1558     90.319     31.255     79.128    26.8284    20.3765    1485.85 0.0000e+00
       2011 149.331013     79.746    11.2781  30.962079     0.2905 1.0000e-12     1.1564     90.402     31.282     79.005    26.8282    20.3766    1485.84 0.0000e+00
       2012 149.331016     79.623    11.2766  30.960398     0.2905 1.0000e-12     1.1567     90.408     31.283     78.883    26.8277    20.3765    1485.83 0.0000e+00
       2013 149.331019     79.500    11.2753  30.958489     0.2918 1.0000e-12     1.1569     90.401     31.280     78.761    26.8268    20.3761    1485.82 0.0000e+00
       2014 149.331021     79.378    11.2740  30.956042     0.2844 1.0000e-12     1.1569     90.379     31.271     78.641    26.8255    20.3752    1485.82 0.0000e+00
       2015 149.331024     79.256    11.2725  30.953495     0.3029 1.0000e-12     1.1570     90.365     31.265     78.520    26.8242    20.3745    1485.81 0.0000e+00
       2016 149.331027     79.134    11.2708  30.951288     0.2947 1.0000e-12     1.1574     90.468     31.299     78.399    26.8233    20.3741    1485.80 0.0000e+00
       2017 149.331030     79.012    11.2691  30.949049     0.2963 1.0000e-12     1.1580     90.630     31.354     78.278    26.8225    20.3737    1485.79 0.0000e+00
       2018 149.331033     78.890    11.2675  30.946402     0.2938 1.0000e-12     1.1581     90.725     31.385     78.157    26.8211    20.3729    1485.78 0.0000e+00
       2019 149.331036     78.767    11.2658  30.943492     0.2918 1.0000e-12     1.1582     90.814     31.415     78.035    26.8196    20.3720    1485.77 0.0000e+00
       2020 149.331039     78.644    11.2639  30.940678     0.2934 1.0000e-12     1.1589     91.030     31.488     77.914    26.8184    20.3714    1485.76 0.0000e+00
       2021 149.331042     78.520    11.2620  30.938207     0.2930 1.0000e-12     1.1595     91.192     31.543     77.791    26.8174    20.3709    1485.75 0.0000e+00
       2022 149.331045     78.395    11.2603  30.935873     0.2889 1.0000e-12     1.1600     91.394     31.611     77.667    26.8165    20.3705    1485.74 0.0000e+00
       2023 149.331047     78.271    11.2586  30.933102     0.2901 1.0000e-12     1.1607     91.536     31.659     77.544    26.8151    20.3697    1485.73 0.0000e+00
       2024 149.331050     78.146    11.2569  30.929671     0.2992 1.0000e-12     1.1620     91.715     31.719     77.420    26.8131    20.3684    1485.72 0.0000e+00
       2025 149.331053     78.021    11.2549  30.925578     0.2951 1.0000e-12     1.1623     91.731     31.723     77.296    26.8106    20.3669    1485.71 0.0000e+00
       2026 149.331056     77.895    11.2525  30.920629     0.2938 1.0000e-12     1.1634     91.949     31.796     77.172    26.8077    20.3650    1485.69 0.0000e+00
       2027 149.331059     77.768    11.2496  30.915001     0.2864 1.0000e-12     1.1636     92.006     31.813     77.046    26.8044    20.3629    1485.68 0.0000e+00
       2028 149.331062     77.641    11.2462  30.908796     0.2860 1.0000e-12     1.1643     92.179     31.870     76.920    26.8010    20.3608    1485.66 0.0000e+00
       2029 149.331065     77.514    11.2423  30.902205     0.2864 1.0000e-12     1.1647     92.438     31.956     76.794    26.7976    20.3588    1485.64 0.0000e+00
       2030 149.331068     77.387    11.2379  30.895202     0.2934 1.0000e-12     1.1664     92.840     32.091     76.668    26.7941    20.3569    1485.62 0.0000e+00
       2031 149.331071     77.260    11.2332  30.886906     0.2901 1.0000e-12     1.1671     93.117     32.183     76.543    26.7896    20.3541    1485.59 0.0000e+00
       2032 149.331073     77.132    11.2279  30.877831     0.2868 1.0000e-12     1.1685     93.534     32.322     76.416    26.7848    20.3513    1485.57 0.0000e+00
       2033 149.331076     77.004    11.2220  30.868990     0.2938 1.0000e-12     1.1703     93.965     32.466     76.289    26.7807    20.3491    1485.54 0.0000e+00
       2034 149.331079     76.875    11.2159  30.859946     0.3087 1.0000e-12     1.1715     94.305     32.578     76.161    26.7765    20.3468    1485.51 0.0000e+00
