CTD_data_day1/sbe55_sbe19p_5262_20260529_re6.cnv
* Sea-Bird SBE 19plus Data File:
* FileName = C:\Data\sbe55_sbe19p_5262\2026-05-29\sbe55_sbe19p_5262_20260529_re6068.hex
* Software Version SeatermAF 2.1.4
* Temperature SN = 5262
* Conductivity SN = 5262
* System UpLoad Time = May 29 2026 11:42:05 (localtime) = May 29 2026 11:42:05 (UTC)
* ds
* SeacatPlus V 1.6b  SERIAL NO. 5262    29 May 2026  11:41:12
# nquan = 15                                
# nvalues = 1054                        
# units = specified
# name 0 = scan: Scan Count
# name 1 = timeJ: Julian Days
# name 2 = prdM: Pressure, Strain Gauge [db]
# name 3 = tv290C: Temperature [ITS-90, deg C]
# name 4 = c0mS/cm: Conductivity [mS/cm]
# name 5 = wetStar: Fluorescence, WET Labs WETstar [mg/m^3]
# name 6 = par: PAR/Irradiance, Biospherical/Licor [umol photons/m^2/sec]
# name 7 = sbeox0V: Oxygen raw, SBE 43 [V]
# name 8 = sbeox0Mm/L: Oxygen, SBE 43 [umol/l], WS = 2
# name 9 = sbeox0PS: Oxygen, SBE 43 [% saturation], WS = 2
# name 10 = depSM: Depth [salt water, m], lat = 56
# name 11 = sal00: Salinity, Practical [PSU]
# name 12 = sigma-é00: Density [sigma-theta, kg/m^3]
# name 13 = svCM: Sound Velocity [Chen-Millero, m/s]
# name 14 = flag: flag
# span 0 =        301,       1354       
# span 1 = 149.482164, 149.485211       
# span 2 =     -0.107,     51.693       
# span 3 =    10.2677,    11.5343       
# span 4 =   2.596399,  31.248272       
# span 5 =     0.0244,     2.5483       
# span 6 = 1.0000e-12, 2.2779e+02       
# span 7 =     1.9082,     2.1804       
# span 8 =    200.649,    236.058       
# span 9 =     66.212,     81.276       
# span 10 =     -0.106,     51.216      
# span 11 =     1.8592,    27.5035      
# span 12 =     1.0296,    21.0570      
# span 13 =    1454.62,    1484.94      
# span 14 = 0.0000e+00, 0.0000e+00      
# interval = seconds: 0.25
# start_time = May 29 2026 11:33:04 [Instrument's time stamp, header]
# bad_flag = -9.990e-29
*END*
[from data line 675]
        976 149.484117     47.156    10.2820  30.873010     0.1983 1.0000e-12     2.0508    220.024     74.816     46.722    27.4911    21.0528    1482.51 0.0000e+00
        977 149.484120     47.016    10.2821  30.873154     0.1859 1.0000e-12     2.0506    219.995     74.806     46.583    27.4912    21.0529    1482.51 0.0000e+00
        978 149.484123     46.876    10.2822  30.873346     0.1888 1.0000e-12     2.0505    219.976     74.800     46.444    27.4914    21.0530    1482.51 0.0000e+00
        979 149.484126     46.736    10.2824  30.873442     0.1834 1.0000e-12     2.0501    219.900     74.774     46.305    27.4914    21.0529    1482.51 0.0000e+00
        980 149.484129     46.597    10.2826  30.873501     0.1904 1.0000e-12     2.0501    219.920     74.782     46.168    27.4914    21.0529    1482.51 0.0000e+00
        981 149.484132     46.457    10.2827  30.873551     0.1855 4.4503e-05     2.0504    219.986     74.804     46.029    27.4914    21.0529    1482.50 0.0000e+00
        982 149.484135     46.316    10.2829  30.873615     0.1876 1.0000e-12     2.0501    219.963     74.797     45.889    27.4914    21.0528    1482.50 0.0000e+00
        983 149.484138     46.176    10.2831  30.873703     0.1941 1.0000e-12     2.0507    220.063     74.831     45.751    27.4913    21.0528    1482.50 0.0000e+00
        984 149.484141     46.035    10.2833  30.873818     0.1933 1.4525e-05     2.0507    220.070     74.834     45.611    27.4914    21.0528    1482.50 0.0000e+00
        985 149.484144     45.894    10.2835  30.873926     0.1954 4.4503e-05     2.0503    220.058     74.830     45.471    27.4914    21.0527    1482.50 0.0000e+00
        986 149.484146     45.753    10.2838  30.874000     0.1810 1.4525e-05     2.0504    220.039     74.824     45.332    27.4913    21.0526    1482.50 0.0000e+00
        987 149.484149     45.611    10.2841  30.874031     0.1838 1.0000e-12     2.0504    219.988     74.807     45.191    27.4911    21.0524    1482.50 0.0000e+00
        988 149.484152     45.469    10.2844  30.874046     0.1871 1.0000e-12     2.0508    220.077     74.838     45.050    27.4910    21.0523    1482.49 0.0000e+00
        989 149.484155     45.327    10.2847  30.874086     0.1913 1.0000e-12     2.0514    220.225     74.889     44.910    27.4908    21.0521    1482.49 0.0000e+00
        990 149.484158     45.185    10.2849  30.874178     0.1880 1.0000e-12     2.0505    220.095     74.845     44.769    27.4908    21.0521    1482.49 0.0000e+00
        991 149.484161     45.042    10.2852  30.874331     0.1908 1.0000e-12     2.0507    220.136     74.859     44.627    27.4908    21.0520    1482.49 0.0000e+00
        992 149.484164     44.899    10.2855  30.874502     0.1851 1.0000e-12     2.0510    220.172     74.872     44.486    27.4908    21.0519    1482.49 0.0000e+00
        993 149.484167     44.756    10.2859  30.874647     0.1888 1.0000e-12     2.0514    220.226     74.891     44.344    27.4907    21.0518    1482.49 0.0000e+00
        994 149.484170     44.613    10.2863  30.874739     0.1917 1.0000e-12     2.0514    220.362     74.938     44.202    27.4905    21.0516    1482.49 0.0000e+00
        995 149.484172     44.469    10.2866  30.874768     0.1999 1.0000e-12     2.0517    220.391     74.948     44.060    27.4904    21.0514    1482.49 0.0000e+00
        996 149.484175     44.325    10.2869  30.874792     0.1900 2.9513e-05     2.0518    220.359     74.937     43.917    27.4902    21.0513    1482.48 0.0000e+00
        997 149.484178     44.181    10.2871  30.874889     0.1834 1.0000e-12     2.0517    220.376     74.944     43.774    27.4902    21.0512    1482.48 0.0000e+00
        998 149.484181     44.037    10.2873  30.875106     0.1900 1.4525e-05     2.0527    220.526     74.995     43.632    27.4903    21.0513    1482.48 0.0000e+00
        999 149.484184     43.892    10.2876  30.875443     0.1900 1.0000e-12     2.0525    220.537     74.999     43.488    27.4905    21.0514    1482.48 0.0000e+00
       1000 149.484187     43.748    10.2880  30.875908     0.1958 1.0000e-12     2.0524    220.641     75.035     43.345    27.4907    21.0515    1482.48 0.0000e+00
       1001 149.484190     43.603    10.2886  30.876511     0.1921 1.0000e-12     2.0533    220.822     75.098     43.202    27.4909    21.0515    1482.48 0.0000e+00
       1002 149.484193     43.459    10.2894  30.877209     0.1867 4.4503e-05     2.0531    220.787     75.088     43.059    27.4910    21.0515    1482.48 0.0000e+00
       1003 149.484196     43.314    10.2903  30.877953     0.1933 1.0000e-12     2.0539    220.937     75.140     42.915    27.4912    21.0514    1482.48 0.0000e+00
       1004 149.484198     43.168    10.2914  30.878699     0.1937 1.0000e-12     2.0550    221.017     75.169     42.771    27.4911    21.0512    1482.48 0.0000e+00
       1005 149.484201     43.023    10.2925  30.879336     0.1884 1.0000e-12     2.0550    220.877     75.123     42.627    27.4910    21.0509    1482.48 0.0000e+00
       1006 149.484204     42.877    10.2936  30.879912     0.1871 1.0000e-12     2.0553    220.883     75.127     42.482    27.4907    21.0506    1482.49 0.0000e+00
       1007 149.484207     42.731    10.2946  30.880666     0.1830 1.0000e-12     2.0554    220.806     75.102     42.338    27.4908    21.0505    1482.49 0.0000e+00
       1008 149.484210     42.586    10.2958  30.881589     0.1917 1.0000e-12     2.0551    220.663     75.056     42.194    27.4908    21.0503    1482.49 0.0000e+00
       1009 149.484213     42.440    10.2971  30.882365     0.1892 1.0000e-12     2.0552    220.685     75.065     42.049    27.4907    21.0500    1482.49 0.0000e+00
       1010 149.484216     42.294    10.2984  30.882826     0.1863 1.0000e-12     2.0559    220.712     75.076     41.905    27.4902    21.0494    1482.49 0.0000e+00
       1011 149.484219     42.148    10.2995  30.882981     0.1946 1.0000e-12     2.0562    220.785     75.103     41.760    27.4896    21.0487    1482.49 0.0000e+00
       1012 149.484222     42.003    10.3001  30.882870     0.1863 2.9513e-05     2.0559    220.712     75.079     41.617    27.4891    21.0483    1482.49 0.0000e+00
       1013 149.484225     41.857    10.3004  30.882594     0.1908 1.4525e-05     2.0562    220.624     75.049     41.472    27.4886    21.0479    1482.49 0.0000e+00
       1014 149.484227     41.711    10.3004  30.882257     0.1880 2.9513e-05     2.0556    220.450     74.990     41.327    27.4884    21.0476    1482.49 0.0000e+00
       1015 149.484230     41.565    10.3002  30.881934     0.1830 1.4525e-05     2.0565    220.595     75.039     41.183    27.4882    21.0476    1482.48 0.0000e+00
       1016 149.484233     41.418    10.3000  30.881655     0.1863 1.0000e-12     2.0560    220.575     75.031     41.037    27.4882    21.0476    1482.48 0.0000e+00
       1017 149.484236     41.272    10.2998  30.881436     0.1847 1.0000e-12     2.0554    220.531     75.016     40.892    27.4882    21.0476    1482.48 0.0000e+00
       1018 149.484239     41.126    10.2996  30.881252     0.1888 1.0000e-12     2.0558    220.695     75.072     40.748    27.4882    21.0476    1482.48 0.0000e+00
       1019 149.484242     40.980    10.2996  30.881038     0.1843 1.0000e-12     2.0562    220.779     75.100     40.603    27.4880    21.0475    1482.47 0.0000e+00
       1020 149.484245     40.834    10.2995  30.880707     0.1838 4.4503e-05     2.0563    220.941     75.155     40.458    27.4878    21.0474    1482.47 0.0000e+00
       1021 149.484248     40.687    10.2993  30.880263     0.1880 1.0000e-12     2.0566    221.018     75.181     40.313    27.4876    21.0472    1482.47 0.0000e+00
       1022 149.484251     40.540    10.2991  30.879755     0.1867 1.0000e-12     2.0571    220.993     75.172     40.167    27.4873    21.0470    1482.46 0.0000e+00
       1023 149.484253     40.392    10.2988  30.879205     0.1876 1.0000e-12     2.0572    220.953     75.158     40.021    27.4871    21.0469    1482.46 0.0000e+00
       1024 149.484256     40.244    10.2984  30.878649     0.1834 2.9513e-05     2.0578    221.035     75.185     39.874    27.4869    21.0468    1482.45 0.0000e+00
       1025 149.484259     40.096    10.2979  30.878087     0.1810 1.0000e-12     2.0575    220.929     75.148     39.727    27.4867    21.0468    1482.45 0.0000e+00
       1026 149.484262     39.948    10.2974  30.877476     0.1970 1.0000e-12     2.0572    220.877     75.129     39.581    27.4866    21.0467    1482.45 0.0000e+00
       1027 149.484265     39.800    10.2968  30.876859     0.1851 1.0000e-12     2.0576    220.888     75.132     39.434    27.4865    21.0467    1482.44 0.0000e+00
       1028 149.484268     39.653    10.2962  30.876358     0.1921 1.0000e-12     2.0581    220.954     75.153     39.288    27.4865    21.0468    1482.44 0.0000e+00
       1029 149.484271     39.505    10.2957  30.876032     0.1814 1.0000e-12     2.0578    221.095     75.201     39.142    27.4866    21.0470    1482.43 0.0000e+00
       1030 149.484274     39.358    10.2953  30.875817     0.1876 1.0000e-12     2.0584    221.236     75.248     38.996    27.4867    21.0472    1482.43 0.0000e+00
       1031 149.484277     39.211    10.2951  30.875626     0.1966 1.0000e-12     2.0578    221.181     75.229     38.850    27.4868    21.0472    1482.43 0.0000e+00
       1032 149.484280     39.065    10.2950  30.875431     0.1941 1.0000e-12     2.0583    221.357     75.289     38.706    27.4867    21.0472    1482.42 0.0000e+00
       1033 149.484282     38.920    10.2950  30.875298     0.1867 1.4525e-05     2.0599    221.734     75.417     38.562    27.4866    21.0471    1482.42 0.0000e+00
       1034 149.484285     38.774    10.2951  30.875313     0.1818 1.4525e-05     2.0594    221.738     75.418     38.418    27.4866    21.0471    1482.42 0.0000e+00
       1035 149.484288     38.629    10.2953  30.875562     0.1851 1.0000e-12     2.0600    221.940     75.487     38.274    27.4868    21.0472    1482.42 0.0000e+00
       1036 149.484291     38.484    10.2959  30.876172     0.1950 1.0000e-12     2.0610    222.015     75.514     38.130    27.4870    21.0472    1482.42 0.0000e+00
       1037 149.484294     38.338    10.2967  30.877250     0.1871 1.4525e-05     2.0617    222.113     75.549     37.986    27.4875    21.0475    1482.42 0.0000e+00
       1038 149.484297     38.192    10.2980  30.878971     0.1904 1.4525e-05     2.0622    222.354     75.633     37.841    27.4882    21.0479    1482.42 0.0000e+00
       1039 149.484300     38.046    10.2999  30.881537     0.1781 1.0000e-12     2.0630    222.490     75.683     37.696    27.4894    21.0485    1482.43 0.0000e+00
       1040 149.484303     37.900    10.3025  30.885043     0.1855 1.4525e-05     2.0629    222.433     75.669     37.552    27.4909    21.0492    1482.44 0.0000e+00
       1041 149.484306     37.754    10.3060  30.889499     0.1867 1.0000e-12     2.0643    222.644     75.747     37.407    27.4927    21.0501    1482.45 0.0000e+00
       1042 149.484308     37.608    10.3104  30.894821     0.1876 2.9513e-05     2.0657    222.781     75.802     37.262    27.4947    21.0509    1482.46 0.0000e+00
       1043 149.484311     37.461    10.3159  30.900772     0.2028 2.9513e-05     2.0662    222.753     75.803     37.117    27.4964    21.0514    1482.48 0.0000e+00
       1044 149.484314     37.314    10.3223  30.906874     0.2040 1.0000e-12     2.0665    222.634     75.774     36.971    27.4976    21.0513    1482.51 0.0000e+00
       1045 149.484317     37.166    10.3295  30.912019     0.2086 1.0000e-12     2.0675    222.611     75.778     36.824    27.4973    21.0499    1482.53 0.0000e+00
       1046 149.484320     37.018    10.3363  30.915426     0.1970 1.0000e-12     2.0675    222.467     75.739     36.678    27.4956    21.0475    1482.55 0.0000e+00
       1047 149.484323     36.870    10.3419  30.917935     0.2320 1.0000e-12     2.0680    222.543     75.773     36.531    27.4939    21.0453    1482.57 0.0000e+00
       1048 149.484326     36.722    10.3461  30.920451     0.2061 1.0000e-12     2.0678    222.553     75.783     36.385    27.4932    21.0441    1482.58 0.0000e+00
       1049 149.484329     36.574    10.3496  30.923410     0.1933 1.0000e-12     2.0691    222.717     75.845     36.238    27.4935    21.0438    1482.59 0.0000e+00
       1050 149.484332     36.426    10.3529  30.927376     0.1908 1.4525e-05     2.0691    222.796     75.878     36.091    27.4950    21.0444    1482.60 0.0000e+00
       1051 149.484334     36.278    10.3567  30.932577     0.2032 1.0000e-12     2.0701    222.930     75.932     35.945    27.4973    21.0456    1482.61 0.0000e+00
       1052 149.484337     36.130    10.3616  30.938343     0.1983 1.0000e-12     2.0709    222.972     75.955     35.798    27.4993    21.0464    1482.63 0.0000e+00
       1053 149.484340     35.981    10.3674  30.943393     0.1999 4.4503e-05     2.0710    222.840     75.920     35.650    27.5000    21.0460    1482.65 0.0000e+00
       1054 149.484343     35.833    10.3733  30.947712     0.2114 1.0000e-12     2.0720    222.994     75.982     35.504    27.4998    21.0449    1482.67 0.0000e+00
       1055 149.484346     35.684    10.3789  30.952474     0.2102 1.4525e-05     2.0722    222.953     75.978     35.356    27.5003    21.0444    1482.69 0.0000e+00
       1056 149.484349     35.534    10.3844  30.957690     0.2114 1.0000e-12     2.0721    222.865     75.958     35.208    27.5013    21.0443    1482.71 0.0000e+00
       1057 149.484352     35.385    10.3901  30.962001     0.2065 1.0000e-12     2.0726    222.954     75.997     35.060    27.5013    21.0434    1482.73 0.0000e+00
       1058 149.484355     35.236    10.3955  30.965139     0.2131 1.0000e-12     2.0739    223.100     76.056     34.912    27.5004    21.0418    1482.74 0.0000e+00
       1059 149.484358     35.086    10.4001  30.968090     0.2205 1.0000e-12     2.0742    223.182     76.091     34.764    27.4998    21.0407    1482.76 0.0000e+00
       1060 149.484361     34.936    10.4041  30.970677     0.2209 1.4525e-05     2.0742    223.178     76.096     34.615    27.4994    21.0397    1482.77 0.0000e+00
       1061 149.484363     34.786    10.4076  30.972334     0.2189 2.9513e-05     2.0752    223.320     76.150     34.467    27.4985    21.0384    1482.78 0.0000e+00
       1062 149.484366     34.635    10.4105  30.973641     0.2234 1.0000e-12     2.0755    223.332     76.158     34.317    27.4976    21.0373    1482.78 0.0000e+00
       1063 149.484369     34.485    10.4128  30.975026     0.2201 1.0000e-12     2.0762    223.416     76.191     34.168    27.4973    21.0366    1482.79 0.0000e+00
       1064 149.484372     34.334    10.4150  30.976166     0.2189 1.0000e-12     2.0765    223.458     76.208     34.019    27.4968    21.0359    1482.79 0.0000e+00
       1065 149.484375     34.184    10.4171  30.976854     0.2102 1.0000e-12     2.0777    223.562     76.247     33.870    27.4959    21.0349    1482.80 0.0000e+00
       1066 149.484378     34.033    10.4189  30.977275     0.2337 1.0000e-12     2.0781    223.634     76.274     33.721    27.4951    21.0339    1482.80 0.0000e+00
       1067 149.484381     33.883    10.4205  30.977578     0.2267 1.0000e-12     2.0780    223.703     76.300     33.572    27.4942    21.0330    1482.80 0.0000e+00
       1068 149.484384     33.733    10.4220  30.977772     0.2156 1.0000e-12     2.0788    223.814     76.340     33.423    27.4933    21.0321    1482.81 0.0000e+00
       1069 149.484387     33.583    10.4234  30.978059     0.2193 1.0000e-12     2.0792    223.838     76.350     33.275    27.4926    21.0313    1482.81 0.0000e+00
       1070 149.484389     33.433    10.4247  30.978712     0.2209 1.0000e-12     2.0801    224.017     76.413     33.126    27.4923    21.0309    1482.81 0.0000e+00
       1071 149.484392     33.283    10.4261  30.979730     0.2222 1.0000e-12     2.0817    224.244     76.493     32.977    27.4923    21.0306    1482.81 0.0000e+00
