CTD_data_day1/sbe55_sbe19p_5262_20260529_re5b_1m.cnv
* Sea-Bird SBE 19plus Data File:
* FileName = C:\Data\sbe55_sbe19p_5262\2026-05-29\sbe55_sbe19p_5262_20260529_re5b065.hex
* Software Version SeatermAF 2.1.4
* Temperature SN = 5262
* Conductivity SN = 5262
* System UpLoad Time = May 29 2026 08:51:31 (localtime) = May 29 2026 08:51:31 (UTC)
* ds
* SeacatPlus V 1.6b  SERIAL NO. 5262    29 May 2026  08:51:07
# nquan = 15
# nvalues = 155                         
# units = specified
# name 0 = scan: Scan Count
# name 1 = timeJ: Julian Days
# name 2 = prdM: Pressure, Strain Gauge [db]
# name 3 = tv290C: Temperature [ITS-90, deg C]
# name 4 = c0mS/cm: Conductivity [mS/cm]
# name 5 = wetStar: Fluorescence, WET Labs WETstar [mg/m^3]
# name 6 = par: PAR/Irradiance, Biospherical/Licor [umol photons/m^2/sec]
# name 7 = sbeox0V: Oxygen raw, SBE 43 [V]
# name 8 = sbeox0Mm/L: Oxygen, SBE 43 [umol/l], WS = 2
# name 9 = sbeox0PS: Oxygen, SBE 43 [% saturation], WS = 2
# name 10 = depSM: Depth [salt water, m], lat = 56
# name 11 = sal00: Salinity, Practical [PSU]
# name 12 = sigma-é00: Density [sigma-theta, kg/m^3]
# name 13 = svCM: Sound Velocity [Chen-Millero, m/s]
# name 14 = flag: flag
# span 0 =        318,       1403       
# span 1 = 149.358905, 149.362044       
# span 2 =      1.000,     78.000       
# span 3 =     9.6670,    11.2233       
# span 4 =  27.588528,  30.882256       
# span 5 =     0.2337,     1.6673       
# span 6 = -5.246e-05, 1.3280e+02       
# span 7 =     1.1811,     2.0595       
# span 8 =     93.582,    221.709       
# span 9 =     32.314,     74.756       
# span 10 =      0.991,     77.276      
# span 11 =    24.1267,    26.8018      
# span 12 =    18.3452,    20.3697      
# span 13 =    1476.24,    1485.57      
# span 14 = 0.0000e+00, 0.0000e+00      
# interval = decibars: 1                
# start_time = May 29 2026 08:35:30 [Instrument's time stamp, header]
# bad_flag = -9.990e-29
*END*
        318 149.358905      1.000    10.8704  27.813291     1.5821 8.9462e+01     2.0595    221.355     74.629      0.991    24.1267    18.3452    1479.84 0.0000e+00
        331 149.358940      2.000    10.8148  27.901063     1.6673 5.1908e+01     2.0397    215.194     72.520      1.982    24.2470    18.4473    1479.80 0.0000e+00
        340 149.358966      3.000    10.5898  27.965456     1.6322 3.3631e+01     2.0072    209.835     70.460      2.973    24.4580    18.6461    1479.25 0.0000e+00
        348 149.358989      4.000    10.3049  27.878170     1.5708 2.3972e+01     1.9777    208.099     69.486      3.964    24.5646    18.7725    1478.35 0.0000e+00
        355 149.359011      5.000    10.1033  27.816722     1.4104 1.5757e+01     1.9599    206.877     68.804      4.954    24.6410    18.8623    1477.72 0.0000e+00
        363 149.359032      6.000    10.0833  27.819949     1.2733 1.0132e+01     1.9347    201.697     67.058      5.945    24.6574    18.8780    1477.68 0.0000e+00
        370 149.359053      7.000     9.8189  27.612123     0.8991 6.5602e+00     1.9131    202.545     66.934      6.936    24.6337    18.8987    1476.69 0.0000e+00
        377 149.359073      8.000     9.6670  27.588528     0.7136 4.4226e+00     1.9077    204.914     67.523      7.927    24.7141    18.9834    1476.24 0.0000e+00
        384 149.359094      9.000     9.6789  27.637972     0.6229 3.1031e+00     1.9120    207.144     68.294      8.918    24.7543    19.0130    1476.35 0.0000e+00
        391 149.359114     10.000     9.6996  27.748898     0.4301 2.1669e+00     1.9231    209.570     69.167      9.909    24.8491    19.0838    1476.56 0.0000e+00
        398 149.359134     11.000     9.7668  27.909016     0.3098 1.5187e+00     1.9347    210.247     69.545     10.900    24.9600    19.1605    1476.96 0.0000e+00
        404 149.359153     12.000     9.8244  28.026865     0.2717 1.1105e+00     1.9441    211.468     70.072     11.891    25.0358    19.2109    1477.28 0.0000e+00
        411 149.359173     13.000     9.8706  28.164173     0.2488 7.9635e-01     1.9578    214.448     71.180     12.881    25.1383    19.2840    1477.59 0.0000e+00
        418 149.359192     14.000     9.9812  28.330670     0.2461 5.6733e-01     1.9757    216.340     72.024     13.872    25.2244    19.3346    1478.12 0.0000e+00
        425 149.359212     15.000    10.0667  28.446184     0.2377 3.9509e-01     1.9908    217.879     72.699     14.863    25.2777    19.3632    1478.52 0.0000e+00
        431 149.359231     16.000    10.1066  28.524108     0.2344 2.8073e-01     2.0060    219.492     73.325     15.854    25.3258    19.3946    1478.74 0.0000e+00
        438 149.359250     17.000    10.1501  28.615604     0.2382 1.9900e-01     2.0175    219.970     73.583     16.844    25.3845    19.4337    1478.99 0.0000e+00
        444 149.359268     18.000    10.1691  28.659061     0.2337 1.4202e-01     2.0237    219.504     73.471     17.835    25.4133    19.4533    1479.11 0.0000e+00
        451 149.359287     19.000    10.1745  28.690984     0.2377 9.1257e-02     2.0250    219.186     73.386     18.826    25.4404    19.4735    1479.18 0.0000e+00
        457 149.359306     20.000    10.1770  28.725083     0.2369 5.1850e-02     2.0266    219.586     73.539     19.817    25.4716    19.4975    1479.24 0.0000e+00
        464 149.359325     21.000    10.1759  28.758903     0.2343 2.4279e-02     2.0287    219.966     73.680     20.808    25.5051    19.5237    1479.29 0.0000e+00
        470 149.359343     22.000    10.1751  28.794596     0.2416 6.0815e-03     2.0319    220.632     73.919     21.799    25.5401    19.5511    1479.35 0.0000e+00
        477 149.359362     23.000    10.1845  28.857631     0.2575 -5.246e-05     2.0349    220.743     73.997     22.789    25.5948    19.5922    1479.47 0.0000e+00
        483 149.359381     24.000    10.2073  28.918380     0.2745 1.0548e-05     2.0370    220.852     74.091     23.780    25.6378    19.6221    1479.62 0.0000e+00
        490 149.359400     25.000    10.2250  28.958931     0.2858 1.2499e-05     2.0392    221.084     74.211     24.771    25.6645    19.6402    1479.73 0.0000e+00
        496 149.359419     26.000    10.2546  29.020373     0.3040 9.8555e-06     2.0409    220.803     74.183     25.762    25.7033    19.6659    1479.91 0.0000e+00
        503 149.359438     27.000    10.2587  29.028808     0.2998 8.4644e-06     2.0407    220.594     74.122     26.753    25.7082    19.6691    1479.94 0.0000e+00
        509 149.359457     28.000    10.2497  29.033428     0.2838 1.4608e-05     2.0401    220.532     74.092     27.743    25.7188    19.6787    1479.94 0.0000e+00
        516 149.359476     29.000    10.2522  29.074677     0.2825 6.2762e-06     2.0401    220.590     74.133     28.734    25.7569    19.7080    1480.01 0.0000e+00
        523 149.359496     30.000    10.2962  29.146591     0.3276 1.8555e-05     2.0408    220.897     74.327     29.725    25.7956    19.7314    1480.23 0.0000e+00
        530 149.359516     31.000    10.3107  29.174860     0.3235 9.6599e-06     2.0444    221.709     74.632     30.716    25.8125    19.7423    1480.33 0.0000e+00
        536 149.359535     32.000    10.3721  29.261261     0.3746 -5.881e-07     2.0470    221.308     74.617     31.706    25.8529    19.7642    1480.61 0.0000e+00
        543 149.359555     33.000    10.3738  29.259590     0.3732 8.6731e-06     2.0492    221.548     74.699     32.697    25.8497    19.7614    1480.63 0.0000e+00
        550 149.359575     34.000    10.3848  29.300333     0.3842 1.2761e-05     2.0500    221.454     74.701     33.688    25.8812    19.7843    1480.73 0.0000e+00
        557 149.359595     35.000    10.4194  29.333637     0.4114 1.0527e-05     2.0501    221.137     74.654     34.679    25.8887    19.7847    1480.88 0.0000e+00
        564 149.359615     36.000    10.4213  29.341943     0.3980 -9.085e-08     2.0506    221.421     74.756     35.669    25.8951    19.7894    1480.91 0.0000e+00
        571 149.359635     37.000    10.4341  29.387360     0.4116 6.1204e-06     2.0512    221.273     74.744     36.660    25.9298    19.8145    1481.01 0.0000e+00
        578 149.359654     38.000    10.4689  29.424246     0.4348 7.3429e-06     2.0508    220.735     74.624     37.651    25.9406    19.8175    1481.17 0.0000e+00
        584 149.359674     39.000    10.4336  29.388932     0.4101 1.2810e-05     2.0489    220.858     74.603     38.642    25.9310    19.8155    1481.04 0.0000e+00
        591 149.359693     40.000    10.4184  29.397618     0.3941 1.2584e-05     2.0496    221.253     74.721     39.632    25.9499    19.8326    1481.03 0.0000e+00
        597 149.359712     41.000    10.4492  29.448117     0.4197 9.7749e-06     2.0496    221.046     74.715     40.623    25.9768    19.8487    1481.19 0.0000e+00
        604 149.359731     42.000    10.4744  29.473646     0.4321 1.6890e-05     2.0492    220.261     74.494     41.614    25.9833    19.8498    1481.31 0.0000e+00
        611 149.359750     43.000    10.4930  29.503452     0.4500 7.1398e-06     2.0445    218.927     74.080     42.604    25.9987    19.8589    1481.41 0.0000e+00
        617 149.359769     44.000    10.4769  29.483447     0.4101 1.4990e-05     2.0409    219.489     74.240     43.595    25.9903    19.8549    1481.36 0.0000e+00
        624 149.359789     45.000    10.4846  29.547930     0.4411 8.0860e-08     2.0411    219.555     74.302     44.586    26.0472    19.8980    1481.47 0.0000e+00
        631 149.359809     46.000    10.5574  29.610270     0.4898 1.0334e-05     2.0413    219.207     74.306     45.576    26.0555    19.8930    1481.76 0.0000e+00
        638 149.359829     47.000    10.5546  29.620890     0.4825 1.2585e-05     2.0394    218.422     74.041     46.567    26.0674    19.9027    1481.79 0.0000e+00
        645 149.359849     48.000    10.5566  29.628896     0.4762 1.0563e-05     2.0357    217.678     73.795     47.558    26.0735    19.9071    1481.81 0.0000e+00
        652 149.359869     49.000    10.5646  29.663838     0.4758 2.0933e-05     2.0307    216.526     73.431     48.548    26.1013    19.9275    1481.89 0.0000e+00
        659 149.359890     50.000    10.5956  29.705314     0.5049 6.5743e-06     2.0243    215.526     73.150     49.539    26.1191    19.9364    1482.04 0.0000e+00
        666 149.359910     51.000    10.5857  29.706041     0.4903 1.2529e-05     2.0180    214.204     72.688     50.530    26.1265    19.9438    1482.03 0.0000e+00
        673 149.359930     52.000    10.6035  29.732514     0.4995 6.4608e-06     2.0070    211.542     71.819     51.520    26.1391    19.9508    1482.13 0.0000e+00
        680 149.359950     53.000    10.5925  29.729541     0.4773 1.4451e-05     1.9938    210.070     71.304     52.511    26.1437    19.9561    1482.11 0.0000e+00
        687 149.359970     54.000    10.5809  29.729232     0.4685 1.2251e-05     1.9853    210.008     71.269     53.502    26.1513    19.9639    1482.09 0.0000e+00
        693 149.359989     55.000    10.5785  29.731231     0.4503 1.5310e-06     1.9817    210.396     71.397     54.492    26.1546    19.9668    1482.11 0.0000e+00
        700 149.360009     56.000    10.5852  29.747802     0.4641 1.7234e-05     1.9818    210.851     71.568     55.483    26.1656    19.9743    1482.16 0.0000e+00
        707 149.360029     57.000    10.6104  29.777592     0.4983 1.0601e-05     1.9832    211.030     71.673     56.473    26.1761    19.9785    1482.28 0.0000e+00
        714 149.360048     58.000    10.6197  29.784974     0.5069 8.5061e-06     1.9851    211.618     71.887     57.464    26.1762    19.9772    1482.33 0.0000e+00
        721 149.360068     59.000    10.6318  29.801907     0.5284 2.4531e-06     1.9895    212.736     72.289     58.455    26.1837    19.9811    1482.40 0.0000e+00
        727 149.360088     60.000    10.6495  29.820319     0.5686 1.2218e-05     1.9960    213.544     72.594     59.445    26.1885    19.9820    1482.49 0.0000e+00
        734 149.360108     61.000    10.6739  29.857263     0.6242 1.4897e-05     1.9976    211.813     72.053     60.436    26.2064    19.9921    1482.61 0.0000e+00
        741 149.360128     62.000    10.6985  29.890003     0.6397 1.4860e-05     1.9871    207.470     70.619     61.427    26.2202    19.9988    1482.74 0.0000e+00
        748 149.360148     63.000    10.7009  29.909840     0.6006 1.6799e-05     1.9625    201.410     68.568     62.417    26.2373    20.0118    1482.78 0.0000e+00
        755 149.360168     64.000    10.6880  29.911627     0.5438 1.8983e-05     1.9264    194.992     66.369     63.408    26.2480    20.0221    1482.77 0.0000e+00
        762 149.360188     65.000    10.6624  29.913300     0.4873 1.6889e-05     1.8923    191.680     65.213     64.398    26.2675    20.0414    1482.71 0.0000e+00
        769 149.360208     66.000    10.6760  29.946523     0.4810 4.2935e-06     1.8644    187.288     63.747     65.389    26.2896    20.0564    1482.80 0.0000e+00
        776 149.360228     67.000    10.6798  29.963305     0.4647 4.2156e-06     1.8252    179.996     61.275     66.379    26.3028    20.0661    1482.85 0.0000e+00
        783 149.360249     68.000    10.7007  30.029928     0.4517 6.3038e-06     1.7955    180.391     61.457     67.370    26.3520    20.1010    1483.00 0.0000e+00
        790 149.360269     69.000    10.7401  30.082616     0.4984 1.0676e-05     1.7908    182.874     62.366     68.361    26.3743    20.1120    1483.19 0.0000e+00
        797 149.360290     70.000    10.7544  30.098682     0.5117 1.7139e-06     1.7881    176.591     60.243     69.351    26.3792    20.1136    1483.26 0.0000e+00
        804 149.360311     71.000    10.7704  30.151098     0.5180 1.0957e-05     1.7155    148.180     50.580     70.342    26.4180    20.1411    1483.38 0.0000e+00
        811 149.360331     72.000    10.7979  30.235644     0.4113 1.0437e-05     1.5496    112.160     38.324     71.332    26.4796    20.1846    1483.57 0.0000e+00
        819 149.360352     73.000    10.8926  30.486392     0.3207 5.4603e-06     1.3851     99.173     33.993     72.323    26.6529    20.3039    1484.14 0.0000e+00
        826 149.360373     74.000    11.0556  30.701011     0.3170 1.0361e-05     1.2875     96.044     33.056     73.313    26.7411    20.3457    1484.85 0.0000e+00
        833 149.360394     75.000    11.1381  30.793274     0.3180 4.1114e-06     1.2368     95.386     32.895     74.304    26.7696    20.3543    1485.19 0.0000e+00
        840 149.360415     76.000    11.1612  30.819723     0.3149 7.0470e-08     1.2109     94.274     32.529     75.295    26.7779    20.3570    1485.30 0.0000e+00
        848 149.360438     77.000    11.1965  30.871733     0.3145 6.0275e-06     1.1947     93.607     32.329     76.285    26.8018    20.3697    1485.47 0.0000e+00
        863 149.360480     78.000    11.2233  30.882256     0.3202 1.2819e-05     1.1811     93.849     32.429     77.276    26.7921    20.3577    1485.57 0.0000e+00
        867 149.360492     77.000    11.1927  30.852636     0.3188 5.5934e-06     1.1828     93.582     32.314     76.285    26.7862    20.3583    1485.44 0.0000e+00
        876 149.360517     76.000    11.1883  30.839857     0.3174 3.6548e-06     1.1824     93.966     32.442     75.295    26.7775    20.3522    1485.40 0.0000e+00
        883 149.360539     75.000    11.1699  30.811947     0.3166 6.3445e-06     1.1839     94.511     32.615     74.304    26.7644    20.3451    1485.30 0.0000e+00
        890 149.360560     74.000    11.1487  30.775036     0.3114 3.7037e-06     1.1890     96.910     33.423     73.313    26.7447    20.3333    1485.18 0.0000e+00
        898 149.360581     73.000    11.1029  30.688479     0.3163 6.2672e-06     1.2152    108.217     37.272     72.323    26.6951    20.3024    1484.94 0.0000e+00
        905 149.360602     72.000    10.9990  30.498189     0.3286 8.4216e-06     1.3024    134.146     46.066     71.332    26.5876    20.2359    1484.43 0.0000e+00
        912 149.360623     71.000    10.8805  30.301848     0.3951 1.9271e-05     1.4446    159.676     54.659     70.342    26.4843    20.1748    1483.86 0.0000e+00
        919 149.360643     70.000    10.8133  30.184075     0.4700 1.1195e-06     1.5807    172.889     59.072     69.351    26.4193    20.1353    1483.52 0.0000e+00
        927 149.360664     69.000    10.7804  30.122813     0.4963 1.6626e-05     1.6634    175.564     59.929     68.361    26.3841    20.1132    1483.34 0.0000e+00
        934 149.360685     68.000    10.7546  30.077767     0.4921 4.9177e-06     1.7068    177.422     60.519     67.370    26.3595    20.0982    1483.21 0.0000e+00
        941 149.360705     67.000    10.7295  30.032915     0.4744 2.4167e-06     1.7410    182.026     62.046     66.380    26.3345    20.0828    1483.07 0.0000e+00
        947 149.360724     66.000    10.7020  29.982550     0.4644 1.3300e-05     1.7754    187.235     63.771     65.389    26.3059    20.0650    1482.92 0.0000e+00
        954 149.360744     65.000    10.6873  29.950916     0.4716 1.4852e-05     1.8091    192.129     65.409     64.398    26.2862    20.0520    1482.83 0.0000e+00
        961 149.360764     64.000    10.6764  29.924039     0.4941 6.3082e-06     1.8454    198.347     67.502     63.408    26.2683    20.0398    1482.75 0.0000e+00
        968 149.360784     63.000    10.6778  29.909401     0.5339 6.2925e-06     1.8839    203.836     69.366     62.417    26.2534    20.0280    1482.72 0.0000e+00
        975 149.360804     62.000    10.6878  29.900998     0.5791 6.3547e-06     1.9237    209.377     71.261     61.427    26.2385    20.0148    1482.72 0.0000e+00
        981 149.360823     61.000    10.6970  29.886464     0.6402 9.8352e-06     1.9552    210.915     71.789     60.436    26.2182    19.9975    1482.71 0.0000e+00
        988 149.360843     60.000    10.6956  29.870523     0.6458 8.3824e-06     1.9722    211.299     71.911     59.445    26.2041    19.9868    1482.67 0.0000e+00
