CTD_data_day1/sbe55_sbe19p_5262_20260529_re5_1m.cnv
* Sea-Bird SBE 19plus Data File:
* FileName = C:\Data\sbe55_sbe19p_5262\2026-05-29\sbe55_sbe19p_5262_20260529_re5064.hex
* Software Version SeatermAF 2.1.4
* Temperature SN = 5262
* Conductivity SN = 5262
* System UpLoad Time = May 29 2026 08:08:10 (localtime) = May 29 2026 08:08:10 (UTC)
* ds
* SeacatPlus V 1.6b  SERIAL NO. 5262    29 May 2026  08:07:38
# nquan = 15
# nvalues = 281                         
# units = specified
# name 0 = scan: Scan Count
# name 1 = timeJ: Julian Days
# name 2 = prdM: Pressure, Strain Gauge [db]
# name 3 = tv290C: Temperature [ITS-90, deg C]
# name 4 = c0mS/cm: Conductivity [mS/cm]
# name 5 = wetStar: Fluorescence, WET Labs WETstar [mg/m^3]
# name 6 = par: PAR/Irradiance, Biospherical/Licor [umol photons/m^2/sec]
# name 7 = sbeox0V: Oxygen raw, SBE 43 [V]
# name 8 = sbeox0Mm/L: Oxygen, SBE 43 [umol/l], WS = 2
# name 9 = sbeox0PS: Oxygen, SBE 43 [% saturation], WS = 2
# name 10 = depSM: Depth [salt water, m], lat = 56
# name 11 = sal00: Salinity, Practical [PSU]
# name 12 = sigma-é00: Density [sigma-theta, kg/m^3]
# name 13 = svCM: Sound Velocity [Chen-Millero, m/s]
# name 14 = flag: flag
# span 0 =        394,       2656       
# span 1 = 149.326335, 149.332880       
# span 2 =      1.000,    141.000       
# span 3 =     9.6347,    11.5185       
# span 4 =  27.500464,  31.321754       
# span 5 =     0.2266,     1.8285       
# span 6 = -2.948e-08, 1.4396e+02       
# span 7 =     1.0787,     2.0875       
# span 8 =     79.005,    225.405       
# span 9 =     27.506,     75.992       
# span 10 =      0.991,    139.669      
# span 11 =    23.6106,    26.9753      
# span 12 =    17.8888,    20.4515      
# span 13 =    1476.21,    1487.88      
# span 14 = 0.0000e+00, 0.0000e+00      
# interval = decibars: 1                
# start_time = May 29 2026 07:48:17 [Instrument's time stamp, header]
# bad_flag = -9.990e-29
*END*
        394 149.326335      1.000    11.2256  27.512469     1.8159 8.8209e+01     2.0875    223.655     75.745      0.991    23.6106    17.8888    1480.51 0.0000e+00
        408 149.326373      2.000    11.0808  27.954578     1.8285 4.9917e+01     2.0839    224.367     75.992      1.982    24.1233    18.3094    1480.62 0.0000e+00
        417 149.326401      3.000    10.9832  28.455664     1.7663 3.1106e+01     2.0851    223.503     75.799      2.973    24.6644    18.7446    1480.93 0.0000e+00
        426 149.326428      4.000    10.9634  28.529242     1.6967 2.1752e+01     2.0684    217.530     73.780      3.964    24.7477    18.8125    1480.97 0.0000e+00
        435 149.326453      5.000    10.6909  28.317363     1.3734 1.5208e+01     2.0320    211.625     71.343      4.955    24.7279    18.8399    1479.98 0.0000e+00
        444 149.326477      6.000    10.3269  28.062833     1.1281 1.0356e+01     1.9900    207.158     69.278      5.945    24.7281    18.8963    1478.67 0.0000e+00
        452 149.326501      7.000     9.9804  27.800713     0.8361 6.5931e+00     1.9610    208.245     69.099      6.936    24.7084    18.9330    1477.38 0.0000e+00
        460 149.326524      8.000     9.8698  27.853621     0.5927 4.8452e+00     1.9491    207.437     68.718      7.927    24.8356    19.0484    1477.14 0.0000e+00
        468 149.326547      9.000     9.8045  27.810793     0.3933 3.7996e+00     1.9304    203.874     67.440      8.918    24.8381    19.0600    1476.92 0.0000e+00
        476 149.326570     10.000     9.6767  27.778452     0.2783 2.8159e+00     1.9125    202.152     66.704      9.909    24.8940    19.1222    1476.53 0.0000e+00
        483 149.326592     11.000     9.6347  27.772691     0.2741 2.0467e+00     1.8983    203.195     66.995     10.900    24.9170    19.1461    1476.41 0.0000e+00
        491 149.326614     12.000     9.6485  27.874901     0.2639 1.4912e+00     1.9138    210.875     69.590     11.891    25.0080    19.2151    1476.59 0.0000e+00
        499 149.326636     13.000     9.8293  28.089699     0.2545 1.0925e+00     1.9409    212.965     70.602     12.881    25.0938    19.2555    1477.39 0.0000e+00
        506 149.326658     14.000     9.9278  28.224841     0.2420 7.9560e-01     1.9611    214.964     71.451     13.872    25.1578    19.2907    1477.85 0.0000e+00
        514 149.326680     15.000    10.0215  28.367831     0.2362 5.8568e-01     1.9836    218.257     72.732     14.863    25.2324    19.3348    1478.30 0.0000e+00
        521 149.326701     16.000    10.0933  28.482786     0.2325 4.2667e-01     2.0052    220.041     73.472     15.854    25.2946    19.3724    1478.66 0.0000e+00
        528 149.326721     17.000    10.1460  28.586485     0.2322 3.0541e-01     2.0178    219.909     73.544     16.844    25.3589    19.4144    1478.94 0.0000e+00
        535 149.326741     18.000    10.1675  28.636260     0.2365 2.1040e-01     2.0240    219.726     73.533     17.835    25.3921    19.4371    1479.08 0.0000e+00
        542 149.326761     19.000    10.1746  28.694875     0.2394 1.5110e-01     2.0271    219.775     73.586     18.826    25.4441    19.4764    1479.18 0.0000e+00
        549 149.326781     20.000    10.1779  28.760393     0.2337 9.6776e-02     2.0292    220.063     73.716     19.817    25.5055    19.5237    1479.29 0.0000e+00
        556 149.326802     21.000    10.1775  28.775099     0.2331 5.8293e-02     2.0334    220.953     74.021     20.808    25.5197    19.5349    1479.32 0.0000e+00
        563 149.326822     22.000    10.1756  28.800688     0.2413 2.6960e-02     2.0369    221.185     74.108     21.799    25.5458    19.5554    1479.36 0.0000e+00
        570 149.326842     23.000    10.1973  28.853512     0.2638 4.3933e-03     2.0393    221.267     74.188     22.790    25.5818    19.5801    1479.50 0.0000e+00
        577 149.326862     24.000    10.2233  28.909348     0.2810 1.5585e-04     2.0406    220.936     74.136     23.780    25.6177    19.6041    1479.65 0.0000e+00
        584 149.326883     25.000    10.2481  28.958273     0.3103 1.0000e-12     2.0410    220.945     74.194     24.771    25.6475    19.6235    1479.80 0.0000e+00
        591 149.326904     26.000    10.2533  29.012550     0.2979 1.0000e-12     2.0428    221.608     74.449     25.762    25.6965    19.6608    1479.89 0.0000e+00
        598 149.326924     27.000    10.2947  29.066336     0.3270 1.0000e-12     2.0471    222.233     74.738     26.753    25.7194    19.6723    1480.09 0.0000e+00
        605 149.326945     28.000    10.3560  29.168283     0.3828 1.0000e-12     2.0501    221.824     74.727     27.743    25.7751    19.7062    1480.39 0.0000e+00
        612 149.326965     29.000    10.4163  29.238918     0.4009 1.0000e-12     2.0521    221.812     74.835     28.734    25.8008    19.7168    1480.66 0.0000e+00
        620 149.326987     30.000    10.3881  29.222994     0.3764 1.0000e-12     2.0534    221.947     74.836     29.725    25.8050    19.7244    1480.58 0.0000e+00
        627 149.327008     31.000    10.4130  29.271565     0.4115 1.0000e-12     2.0546    222.047     74.925     30.716    25.8342    19.7434    1480.72 0.0000e+00
        634 149.327029     32.000    10.4122  29.275082     0.4070 1.0000e-12     2.0548    221.714     74.813     31.706    25.8379    19.7463    1480.74 0.0000e+00
        642 149.327051     33.000    10.4380  29.306252     0.4082 1.0000e-12     2.0531    221.078     74.646     32.697    25.8496    19.7514    1480.87 0.0000e+00
        649 149.327072     34.000    10.3767  29.254041     0.3675 1.0000e-12     2.0499    220.724     74.422     33.688    25.8419    19.7550    1480.65 0.0000e+00
        656 149.327092     35.000    10.3544  29.264077     0.3613 1.0000e-12     2.0472    220.781     74.417     34.679    25.8671    19.7780    1480.62 0.0000e+00
        663 149.327113     36.000    10.3582  29.272087     0.3699 1.0000e-12     2.0461    220.828     74.441     35.669    25.8719    19.7812    1480.65 0.0000e+00
        671 149.327134     37.000    10.3493  29.275954     0.3562 1.0000e-12     2.0463    221.040     74.503     36.660    25.8816    19.7902    1480.65 0.0000e+00
        678 149.327155     38.000    10.3848  29.342700     0.3809 1.0000e-12     2.0460    220.927     74.542     37.651    25.9210    19.8153    1480.84 0.0000e+00
        685 149.327177     39.000    10.4124  29.370860     0.4054 1.0000e-12     2.0475    221.096     74.648     38.641    25.9285    19.8168    1480.97 0.0000e+00
        693 149.327198     40.000    10.4139  29.396512     0.4027 1.0000e-12     2.0484    221.196     74.695     39.632    25.9521    19.8350    1481.02 0.0000e+00
        700 149.327219     41.000    10.4369  29.426252     0.4144 1.0000e-12     2.0496    221.284     74.768     40.623    25.9643    19.8408    1481.13 0.0000e+00
        707 149.327241     42.000    10.4602  29.455145     0.4149 1.0000e-12     2.0497    220.877     74.675     41.614    25.9754    19.8459    1481.25 0.0000e+00
        715 149.327262     43.000    10.4845  29.493553     0.4380 1.0000e-12     2.0492    220.891     74.729     42.604    25.9951    19.8574    1481.38 0.0000e+00
        722 149.327284     44.000    10.5036  29.523115     0.4473 1.0000e-12     2.0503    220.930     74.781     43.595    26.0099    19.8659    1481.48 0.0000e+00
        730 149.327306     45.000    10.5347  29.555611     0.4682 1.0000e-12     2.0504    220.687     74.754     44.586    26.0190    19.8682    1481.62 0.0000e+00
        737 149.327328     46.000    10.5597  29.594519     0.5090 1.8018e-06     2.0507    220.729     74.818     45.576    26.0386    19.8795    1481.75 0.0000e+00
        745 149.327350     47.000    10.6000  29.645901     0.5448 -2.948e-08     2.0490    219.186     74.370     46.567    26.0594    19.8893    1481.94 0.0000e+00
        753 149.327372     48.000    10.6094  29.652353     0.5368 1.0000e-12     2.0405    217.020     73.650     47.558    26.0586    19.8872    1481.99 0.0000e+00
        760 149.327394     49.000    10.5456  29.600033     0.4553 1.0000e-12     2.0282    215.446     73.011     48.548    26.0529    19.8929    1481.77 0.0000e+00
        768 149.327416     50.000    10.5092  29.607704     0.4206 1.0000e-12     2.0188    215.044     72.832     49.539    26.0860    19.9243    1481.69 0.0000e+00
        776 149.327438     51.000    10.5326  29.638892     0.4351 1.0000e-12     2.0128    214.176     72.582     50.530    26.0992    19.9309    1481.81 0.0000e+00
        783 149.327460     52.000    10.5434  29.666454     0.4376 1.0000e-12     2.0044    212.477     72.031     51.520    26.1180    19.9438    1481.89 0.0000e+00
        791 149.327482     53.000    10.5601  29.697290     0.4494 1.0000e-12     1.9969    212.101     71.938     52.511    26.1356    19.9549    1481.98 0.0000e+00
        798 149.327504     54.000    10.5890  29.743127     0.4820 1.0000e-12     1.9982    213.998     72.639     53.502    26.1590    19.9685    1482.13 0.0000e+00
        806 149.327525     55.000    10.6453  29.813539     0.5690 1.0000e-12     2.0030    214.170     72.800     54.492    26.1867    19.9811    1482.39 0.0000e+00
        813 149.327546     56.000    10.6727  29.839371     0.6013 1.0000e-12     2.0082    215.044     73.143     55.483    26.1918    19.9808    1482.51 0.0000e+00
        820 149.327567     57.000    10.6923  29.863765     0.6503 1.0000e-12     2.0130    215.174     73.223     56.473    26.2010    19.9848    1482.61 0.0000e+00
        828 149.327588     58.000    10.6961  29.869082     0.6560 1.0000e-12     2.0134    214.350     72.949     57.464    26.2031    19.9859    1482.64 0.0000e+00
        835 149.327609     59.000    10.6988  29.876677     0.6408 1.0000e-12     2.0094    213.001     72.497     58.455    26.2081    19.9894    1482.67 0.0000e+00
        842 149.327630     60.000    10.7028  29.886029     0.6472 1.0000e-12     2.0034    212.037     72.178     59.445    26.2140    19.9933    1482.71 0.0000e+00
        849 149.327652     61.000    10.7046  29.891976     0.6616 1.0000e-12     1.9922    208.596     71.012     60.436    26.2181    19.9963    1482.74 0.0000e+00
        857 149.327673     62.000    10.7056  29.912255     0.6202 1.0000e-12     1.9702    203.826     69.397     61.427    26.2366    20.0105    1482.78 0.0000e+00
        864 149.327695     63.000    10.6977  29.922236     0.5711 1.0000e-12     1.9443    200.392     68.223     62.417    26.2516    20.0234    1482.79 0.0000e+00
        872 149.327717     64.000    10.6822  29.917460     0.5245 1.0000e-12     1.9243    199.387     67.860     63.408    26.2577    20.0306    1482.76 0.0000e+00
        880 149.327740     65.000    10.6889  29.941158     0.5282 1.0000e-12     1.9110    197.682     67.298     64.399    26.2755    20.0434    1482.82 0.0000e+00
        888 149.327763     66.000    10.7087  29.975333     0.5377 1.0000e-12     1.8957    194.649     66.301     65.389    26.2941    20.0547    1482.93 0.0000e+00
        896 149.327785     67.000    10.7230  30.008522     0.5471 1.0000e-12     1.8707    189.413     64.547     66.380    26.3156    20.0691    1483.02 0.0000e+00
        904 149.327809     68.000    10.7387  30.058963     0.5278 1.0000e-12     1.8549    191.944     65.448     67.370    26.3527    20.0955    1483.14 0.0000e+00
        912 149.327832     69.000    10.7623  30.102507     0.5646 1.0000e-12     1.8677    195.442     66.685     68.361    26.3776    20.1110    1483.27 0.0000e+00
        920 149.327855     70.000    10.7728  30.119738     0.5856 1.0000e-12     1.8417    175.045     59.743     69.351    26.3863    20.1161    1483.34 0.0000e+00
        928 149.327879     71.000    10.7960  30.201849     0.4964 1.0000e-12     1.7115    146.715     50.118     70.342    26.4486    20.1608    1483.51 0.0000e+00
        936 149.327903     72.000    10.8074  30.249362     0.3881 1.0000e-12     1.5460    119.166     40.727     71.332    26.4859    20.1880    1483.62 0.0000e+00
        944 149.327926     73.000    10.8434  30.366536     0.3014 1.0000e-12     1.3988    106.038     36.289     72.323    26.5728    20.2497    1483.87 0.0000e+00
        952 149.327950     74.000    10.9535  30.553161     0.2907 1.0000e-12     1.3057    100.553     34.517     73.313    26.6728    20.3095    1484.40 0.0000e+00
        960 149.327973     75.000    11.0535  30.679370     0.2887 1.0000e-12     1.2504     96.286     33.134     74.304    26.7215    20.3309    1484.83 0.0000e+00
        968 149.327996     76.000    11.1336  30.793729     0.2947 1.0000e-12     1.2160     94.817     32.696     75.294    26.7729    20.3577    1485.19 0.0000e+00
        976 149.328019     77.000    11.1667  30.824987     0.2944 1.0000e-12     1.1996     94.288     32.538     76.285    26.7786    20.3566    1485.34 0.0000e+00
        984 149.328042     78.000    11.1913  30.862252     0.2916 1.0000e-12     1.1890     93.310     32.222     77.276    26.7961    20.3662    1485.46 0.0000e+00
        992 149.328065     79.000    11.2156  30.892372     0.2895 1.0000e-12     1.1820     92.744     32.045     78.266    26.8070    20.3706    1485.58 0.0000e+00
       1000 149.328088     80.000    11.2299  30.912242     0.2916 1.0000e-12     1.1757     91.555     31.645     79.257    26.8153    20.3747    1485.66 0.0000e+00
       1008 149.328111     81.000    11.2578  30.959138     0.2924 1.0000e-12     1.1671     90.231     31.211     80.247    26.8396    20.3890    1485.80 0.0000e+00
       1016 149.328134     82.000    11.2921  31.001620     0.2948 1.0000e-12     1.1602     89.526     30.994     81.238    26.8550    20.3952    1485.96 0.0000e+00
       1024 149.328157     83.000    11.3124  31.028743     0.2958 1.0000e-12     1.1552     88.921     30.800     82.228    26.8659    20.4002    1486.06 0.0000e+00
       1032 149.328180     84.000    11.3295  31.050432     0.3014 1.0000e-12     1.1508     88.554     30.686     83.219    26.8738    20.4035    1486.15 0.0000e+00
       1040 149.328203     85.000    11.3424  31.066958     0.3002 1.0000e-12     1.1480     88.226     30.582     84.209    26.8799    20.4061    1486.22 0.0000e+00
       1048 149.328226     86.000    11.3507  31.077103     0.2982 1.0000e-12     1.1453     87.878     30.468     85.200    26.8832    20.4073    1486.27 0.0000e+00
       1056 149.328249     87.000    11.3583  31.088356     0.2979 1.0000e-12     1.1432     87.624     30.385     86.190    26.8881    20.4098    1486.32 0.0000e+00
       1064 149.328271     88.000    11.3687  31.104681     0.2994 1.0000e-12     1.1409     87.302     30.282     87.181    26.8958    20.4141    1486.38 0.0000e+00
       1072 149.328295     89.000    11.3827  31.122336     0.3004 1.0000e-12     1.1387     86.906     30.155     88.171    26.9022    20.4167    1486.45 0.0000e+00
       1080 149.328318     90.000    11.3886  31.129068     0.3011 1.0000e-12     1.1367     86.684     30.082     89.162    26.9040    20.4171    1486.49 0.0000e+00
       1088 149.328341     91.000    11.3930  31.136005     0.2993 1.0000e-12     1.1340     86.060     29.869     90.152    26.9071    20.4188    1486.53 0.0000e+00
       1096 149.328364     92.000    11.4020  31.150117     0.3054 1.0000e-12     1.1296     85.306     29.614     91.143    26.9136    20.4224    1486.58 0.0000e+00
       1104 149.328388     93.000    11.4161  31.170922     0.3061 1.0000e-12     1.1257     84.885     29.479     92.133    26.9229    20.4272    1486.66 0.0000e+00
       1112 149.328411     94.000    11.4242  31.178955     0.3050 1.0000e-12     1.1230     84.606     29.387     93.123    26.9243    20.4269    1486.71 0.0000e+00
       1120 149.328435     95.000    11.4289  31.186398     0.3075 1.0000e-12     1.1199     84.183     29.244     94.114    26.9277    20.4288    1486.75 0.0000e+00
       1128 149.328458     96.000    11.4358  31.196560     0.3065 1.0000e-12     1.1175     83.855     29.135     95.104    26.9320    20.4310    1486.79 0.0000e+00
