CTD_data_day1/sbe55_sbe19p_5262_20260529_re6_1m.cnv
* Sea-Bird SBE 19plus Data File:
* FileName = C:\Data\sbe55_sbe19p_5262\2026-05-29\sbe55_sbe19p_5262_20260529_re6068.hex
* Software Version SeatermAF 2.1.4
* Temperature SN = 5262
* Conductivity SN = 5262
* System UpLoad Time = May 29 2026 11:42:05 (localtime) = May 29 2026 11:42:05 (UTC)
* ds
* SeacatPlus V 1.6b  SERIAL NO. 5262    29 May 2026  11:41:12
# nquan = 15
# nvalues = 103                         
# units = specified
# name 0 = scan: Scan Count
# name 1 = timeJ: Julian Days
# name 2 = prdM: Pressure, Strain Gauge [db]
# name 3 = tv290C: Temperature [ITS-90, deg C]
# name 4 = c0mS/cm: Conductivity [mS/cm]
# name 5 = wetStar: Fluorescence, WET Labs WETstar [mg/m^3]
# name 6 = par: PAR/Irradiance, Biospherical/Licor [umol photons/m^2/sec]
# name 7 = sbeox0V: Oxygen raw, SBE 43 [V]
# name 8 = sbeox0Mm/L: Oxygen, SBE 43 [umol/l], WS = 2
# name 9 = sbeox0PS: Oxygen, SBE 43 [% saturation], WS = 2
# name 10 = depSM: Depth [salt water, m], lat = 56
# name 11 = sal00: Salinity, Practical [PSU]
# name 12 = sigma-é00: Density [sigma-theta, kg/m^3]
# name 13 = svCM: Sound Velocity [Chen-Millero, m/s]
# name 14 = flag: flag
# span 0 =        555,       1301       
# span 1 = 149.482900, 149.485058       
# span 2 =      1.000,     52.000       
# span 3 =    10.2717,    11.4564       
# span 4 =  28.472088,  31.232280       
# span 5 =     0.1809,     2.2570       
# span 6 = -7.156e-04, 7.7149e+01       
# span 7 =     2.0445,     2.1779       
# span 8 =    219.345,    235.755       
# span 9 =     74.571,     81.117       
# span 10 =      0.991,     51.520      
# span 11 =    24.3663,    27.4995      
# span 12 =    18.4371,    21.0585      
# span 13 =    1482.14,    1484.91      
# span 14 = 0.0000e+00, 0.0000e+00      
# interval = decibars: 1                
# start_time = May 29 2026 11:33:04 [Instrument's time stamp, header]
# bad_flag = -9.990e-29
*END*
        555 149.482900      1.000    11.4564  28.472088     2.2570 7.7149e+01     2.1251    227.669     77.864      0.991    24.3663    18.4371    1482.24 0.0000e+00
        567 149.482933      2.000    11.2847  28.908219     1.7985 4.1740e+01     2.1248    227.897     77.911      1.982    24.8929    18.8733    1482.27 0.0000e+00
        575 149.482958      3.000    11.2513  28.960863     1.7480 2.4381e+01     2.1242    227.739     77.836      2.973    24.9651    18.9348    1482.25 0.0000e+00
        583 149.482981      4.000    11.2307  29.014696     1.6832 1.5390e+01     2.1225    227.302     77.684      3.963    25.0299    18.9883    1482.27 0.0000e+00
        591 149.483002      5.000    11.1912  29.128411     1.5941 1.0196e+01     2.1193    226.776     77.504      4.954    25.1646    19.0993    1482.31 0.0000e+00
        598 149.483024      6.000    11.0926  29.345539     1.3726 6.8898e+00     2.1178    227.265     77.639      5.945    25.4390    19.3281    1482.30 0.0000e+00
        605 149.483045      7.000    11.0226  29.530722     1.1981 4.7915e+00     2.1182    227.457     77.698      6.936    25.6645    19.5144    1482.34 0.0000e+00
        613 149.483066      8.000    11.0020  29.587720     1.1341 3.3836e+00     2.1189    227.761     77.800      7.927    25.7332    19.5710    1482.36 0.0000e+00
        620 149.483087      9.000    10.9976  29.642255     1.1295 2.3956e+00     2.1225    229.015     78.249      8.918    25.7882    19.6145    1482.43 0.0000e+00
        627 149.483109     10.000    10.9841  29.926881     1.0194 1.7140e+00     2.1287    229.509     78.535      9.909    26.0707    19.8359    1482.74 0.0000e+00
        635 149.483130     11.000    10.9919  30.109996     0.9466 1.2334e+00     2.1339    230.175     78.861     10.900    26.2408    19.9667    1482.98 0.0000e+00
        642 149.483151     12.000    10.9799  30.205186     0.9130 8.9074e-01     2.1401    230.652     79.055     11.891    26.3406    20.0461    1483.08 0.0000e+00
        649 149.483171     13.000    11.0153  30.358689     0.9103 6.5111e-01     2.1422    230.245     79.037     12.881    26.4626    20.1351    1483.37 0.0000e+00
        656 149.483192     14.000    10.9867  30.427984     0.8545 4.6869e-01     2.1481    232.852     79.926     13.872    26.5495    20.2072    1483.38 0.0000e+00
        663 149.483212     15.000    11.0248  30.608224     0.9118 3.4114e-01     2.1642    235.755     81.065     14.863    26.6952    20.3141    1483.71 0.0000e+00
        670 149.483233     16.000    11.1719  30.941908     1.1173 2.3363e-01     2.1779    234.839     81.117     15.854    26.9087    20.4556    1484.51 0.0000e+00
        677 149.483254     17.000    11.1986  31.209557     0.9472 1.6910e-01     2.1758    230.887     79.919     16.845    27.1460    20.6353    1484.91 0.0000e+00
        685 149.483274     18.000    11.1133  31.232280     0.7736 1.1046e-01     2.1611    228.262     78.906     17.835    27.2304    20.7150    1484.72 0.0000e+00
        691 149.483294     19.000    10.8916  31.083441     0.4872 6.9614e-02     2.1493    228.816     78.728     18.826    27.2505    20.7672    1483.97 0.0000e+00
        698 149.483313     20.000    10.7605  31.055329     0.4136 3.6646e-02     2.1424    228.927     78.577     19.817    27.3202    20.8429    1483.60 0.0000e+00
        705 149.483332     21.000    10.7406  31.063371     0.4018 1.4108e-02     2.1368    228.478     78.400     20.808    27.3426    20.8634    1483.57 0.0000e+00
        711 149.483352     22.000    10.6987  31.057967     0.3372 -7.156e-04     2.1325    228.185     78.241     21.799    27.3682    20.8902    1483.46 0.0000e+00
        718 149.483371     23.000    10.6616  31.059532     0.3116 8.3626e-06     2.1278    227.463     77.944     22.789    27.3971    20.9186    1483.38 0.0000e+00
        725 149.483390     24.000    10.6293  31.049556     0.2939 -1.493e-07     2.1205    225.898     77.360     23.780    27.4113    20.9349    1483.30 0.0000e+00
        731 149.483409     25.000    10.5910  31.035165     0.2707 1.3195e-05     2.1119    225.136     77.042     24.771    27.4255    20.9522    1483.19 0.0000e+00
        738 149.483429     26.000    10.5304  30.995933     0.2588 1.2515e-05     2.1043    224.628     76.770     25.762    27.4324    20.9672    1483.00 0.0000e+00
        745 149.483449     27.000    10.4860  30.972945     0.2547 6.4785e-06     2.0996    224.751     76.742     26.752    27.4429    20.9825    1482.86 0.0000e+00
        752 149.483469     28.000    10.4282  30.935765     0.2226 1.8634e-05     2.0965    225.005     76.735     27.743    27.4496    20.9970    1482.68 0.0000e+00
        759 149.483488     29.000    10.4136  30.933042     0.2169 1.4779e-05     2.0953    224.866     76.667     28.734    27.4575    21.0055    1482.65 0.0000e+00
        765 149.483508     30.000    10.4342  30.982713     0.2249 2.1557e-05     2.0918    224.015     76.428     29.725    27.4903    21.0277    1482.78 0.0000e+00
        772 149.483528     31.000    10.4935  31.030990     0.2402 6.0248e-06     2.0892    223.496     76.350     30.716    27.4926    21.0200    1483.02 0.0000e+00
        779 149.483547     32.000    10.4856  31.020460     0.2416 2.5077e-05     2.0873    223.704     76.406     31.706    27.4878    21.0176    1483.00 0.0000e+00
        786 149.483567     33.000    10.4675  30.996739     0.2318 9.4762e-06     2.0867    223.638     76.349     32.697    27.4779    21.0128    1482.94 0.0000e+00
        792 149.483586     34.000    10.4371  30.986696     0.2254 1.2785e-05     2.0847    223.138     76.133     33.688    27.4906    21.0276    1482.86 0.0000e+00
        799 149.483606     35.000    10.4372  30.988074     0.2210 2.5530e-05     2.0808    222.479     75.909     34.679    27.4915    21.0283    1482.88 0.0000e+00
        806 149.483625     36.000    10.4202  30.970547     0.2136 3.3795e-05     2.0773    222.046     75.731     35.669    27.4867    21.0273    1482.83 0.0000e+00
        813 149.483646     37.000    10.3901  30.937628     0.2034 1.5095e-05     2.0728    221.416     75.462     36.660    27.4768    21.0243    1482.72 0.0000e+00
        820 149.483666     38.000    10.3407  30.895081     0.1879 1.6883e-05     2.0670    220.743     75.148     37.651    27.4719    21.0284    1482.55 0.0000e+00
        827 149.483685     39.000    10.3059  30.873074     0.1861 1.8849e-05     2.0624    220.607     75.046     38.641    27.4762    21.0373    1482.45 0.0000e+00
        834 149.483705     40.000    10.2880  30.866363     0.1855 7.0784e-06     2.0593    220.627     75.027     39.632    27.4827    21.0452    1482.41 0.0000e+00
        841 149.483726     41.000    10.2807  30.864702     0.1856 1.2339e-05     2.0571    220.361     74.926     40.623    27.4862    21.0491    1482.40 0.0000e+00
        847 149.483745     42.000    10.2794  30.867436     0.1865 8.0896e-06     2.0554    220.239     74.884     41.614    27.4895    21.0519    1482.42 0.0000e+00
        854 149.483766     43.000    10.2813  30.870225     0.1849 1.7174e-06     2.0534    220.002     74.807     42.604    27.4905    21.0524    1482.44 0.0000e+00
        861 149.483786     44.000    10.2795  30.869641     0.1842 1.7626e-05     2.0523    220.052     74.821     43.595    27.4909    21.0529    1482.45 0.0000e+00
        868 149.483806     45.000    10.2788  30.869944     0.1869 1.2516e-05     2.0518    219.981     74.796     44.586    27.4914    21.0534    1482.47 0.0000e+00
        875 149.483826     46.000    10.2779  30.869762     0.1819 6.0171e-06     2.0508    220.032     74.812     45.576    27.4915    21.0537    1482.48 0.0000e+00
        882 149.483847     47.000    10.2770  30.869612     0.1809 3.6338e-06     2.0511    220.018     74.806     46.567    27.4916    21.0540    1482.49 0.0000e+00
        890 149.483868     48.000    10.2777  30.872112     0.1840 1.8375e-05     2.0500    219.681     74.693     47.558    27.4932    21.0550    1482.51 0.0000e+00
        897 149.483889     49.000    10.2825  30.878044     0.1878 6.1126e-06     2.0481    219.504     74.642     48.548    27.4950    21.0558    1482.55 0.0000e+00
        905 149.483911     50.000    10.2834  30.878085     0.1917 1.1142e-05     2.0475    219.447     74.623     49.539    27.4940    21.0549    1482.57 0.0000e+00
        913 149.483934     51.000    10.2744  30.868833     0.1972 1.1487e-05     2.0463    219.376     74.583     50.530    27.4913    21.0542    1482.55 0.0000e+00
        939 149.484011     52.000    10.2717  30.872084     0.2073 -5.491e-06     2.0445    219.345     74.571     51.520    27.4962    21.0585    1482.56 0.0000e+00
        945 149.484028     51.000    10.2854  30.880550     0.1919 8.6628e-06     2.0456    219.467     74.634     50.530    27.4946    21.0550    1482.59 0.0000e+00
        955 149.484056     50.000    10.2849  30.877991     0.1915 6.5304e-06     2.0476    220.036     74.826     49.539    27.4928    21.0536    1482.57 0.0000e+00
        963 149.484079     49.000    10.2836  30.876022     0.1900 3.6833e-06     2.0489    220.068     74.834     48.548    27.4922    21.0534    1482.55 0.0000e+00
        970 149.484100     48.000    10.2824  30.874306     0.1886 1.4585e-05     2.0501    220.070     74.833     47.558    27.4918    21.0533    1482.53 0.0000e+00
        977 149.484121     47.000    10.2822  30.873270     0.1902 1.4859e-05     2.0503    219.996     74.807     46.567    27.4913    21.0529    1482.51 0.0000e+00
        984 149.484141     46.000    10.2834  30.873825     0.1886 1.6936e-05     2.0504    220.025     74.819     45.576    27.4913    21.0527    1482.50 0.0000e+00
        991 149.484162     45.000    10.2854  30.874385     0.1890 -7.060e-07     2.0511    220.191     74.878     44.586    27.4907    21.0519    1482.49 0.0000e+00
        998 149.484182     44.000    10.2875  30.875381     0.1917 6.5191e-06     2.0523    220.534     74.998     43.595    27.4904    21.0513    1482.48 0.0000e+00
       1005 149.484202     43.000    10.2926  30.879427     0.1891 6.3591e-06     2.0547    220.860     75.118     42.604    27.4910    21.0509    1482.48 0.0000e+00
       1012 149.484222     42.000    10.2995  30.882555     0.1883 1.2598e-05     2.0559    220.651     75.057     41.614    27.4893    21.0485    1482.49 0.0000e+00
       1019 149.484242     41.000    10.2996  30.880906     0.1861 6.4819e-06     2.0562    220.788     75.103     40.623    27.4879    21.0474    1482.47 0.0000e+00
       1026 149.484261     40.000    10.2974  30.877692     0.1868 4.3235e-06     2.0575    220.953     75.155     39.632    27.4868    21.0468    1482.45 0.0000e+00
       1032 149.484281     39.000    10.2951  30.875523     0.1886 4.8370e-06     2.0590    221.527     75.347     38.641    27.4867    21.0472    1482.42 0.0000e+00
       1039 149.484301     38.000    10.3016  30.883707     0.1871 1.0713e-05     2.0632    222.447     75.672     37.651    27.4902    21.0488    1482.43 0.0000e+00
       1046 149.484320     37.000    10.3351  30.914371     0.2066 4.1080e-06     2.0676    222.615     75.787     36.660    27.4954    21.0476    1482.55 0.0000e+00
       1053 149.484340     36.000    10.3673  30.942261     0.2036 1.0391e-05     2.0710    222.902     75.940     35.669    27.4989    21.0452    1482.65 0.0000e+00
       1060 149.484359     35.000    10.4017  30.968931     0.2174 7.3048e-06     2.0743    223.181     76.093     34.679    27.4995    21.0402    1482.76 0.0000e+00
       1066 149.484379     34.000    10.4191  30.977247     0.2208 -2.522e-07     2.0779    223.648     76.279     33.688    27.4949    21.0337    1482.80 0.0000e+00
       1073 149.484398     33.000    10.4301  30.983465     0.2241 4.1609e-06     2.0819    223.973     76.407     32.697    27.4931    21.0306    1482.82 0.0000e+00
       1080 149.484418     32.000    10.4472  30.996583     0.2267 4.2161e-06     2.0832    223.548     76.291     31.706    27.4934    21.0281    1482.87 0.0000e+00
       1087 149.484437     31.000    10.4634  31.007533     0.2341 4.9223e-06     2.0836    223.520     76.308     30.716    27.4923    21.0247    1482.91 0.0000e+00
       1093 149.484457     30.000    10.4630  30.992375     0.2506 1.0703e-05     2.0849    224.048     76.481     29.725    27.4781    21.0136    1482.87 0.0000e+00
       1100 149.484476     29.000    10.4425  30.965035     0.2229 2.0681e-06     2.0886    225.024     76.774     28.734    27.4672    21.0084    1482.77 0.0000e+00
       1107 149.484496     28.000    10.4445  30.967748     0.2302 7.4782e-06     2.0932    225.856     77.062     27.743    27.4687    21.0092    1482.76 0.0000e+00
       1113 149.484515     27.000    10.4828  30.987417     0.2487 2.5118e-06     2.0994    226.686     77.406     26.752    27.4594    20.9959    1482.87 0.0000e+00
       1120 149.484534     26.000    10.5263  31.012167     0.2617 6.3670e-06     2.1048    227.075     77.608     25.762    27.4513    20.9826    1483.00 0.0000e+00
       1127 149.484554     25.000    10.5670  31.031521     0.2794 6.2911e-06     2.1096    227.483     77.811     24.771    27.4400    20.9673    1483.13 0.0000e+00
       1133 149.484573     24.000    10.6042  31.047669     0.2938 1.0734e-09     2.1156    228.349     78.165     23.780    27.4283    20.9521    1483.22 0.0000e+00
       1140 149.484592     23.000    10.6410  31.056367     0.3212 1.2851e-05     2.1218    229.223     78.518     22.790    27.4095    20.9316    1483.32 0.0000e+00
       1147 149.484611     22.000    10.6784  31.059583     0.3535 1.2252e-05     2.1298    230.644     79.057     21.799    27.3850    20.9065    1483.41 0.0000e+00
       1153 149.484630     21.000    10.7206  31.065238     0.3958 9.3106e-03     2.1403    232.345     79.701     20.808    27.3593    20.8797    1483.52 0.0000e+00
       1160 149.484649     20.000    10.8230  31.127062     0.5366 3.7574e-02     2.1526    233.978     80.432     19.817    27.3434    20.8506    1483.85 0.0000e+00
       1166 149.484668     19.000    10.9569  31.165510     0.6689 6.1942e-02     2.1659    234.562     80.836     18.826    27.2814    20.7805    1484.24 0.0000e+00
       1173 149.484688     18.000    11.0849  31.070419     0.9254 1.0624e-01     2.1726    233.524     80.607     17.835    27.0955    20.6151    1484.45 0.0000e+00
       1180 149.484707     17.000    11.1424  30.923805     0.9898 1.5928e-01     2.1724    232.413     80.230     16.845    26.9125    20.4635    1484.43 0.0000e+00
       1186 149.484726     16.000    11.1308  30.812175     1.0314 2.2394e-01     2.1689    231.877     79.975     15.854    26.8141    20.3890    1484.25 0.0000e+00
       1193 149.484745     15.000    11.0997  30.699770     0.9568 3.2867e-01     2.1650    231.407     79.716     14.863    26.7289    20.3280    1484.02 0.0000e+00
       1199 149.484764     14.000    11.0712  30.632467     0.9443 4.5740e-01     2.1603    230.890     79.467     13.872    26.6853    20.2988    1483.85 0.0000e+00
       1206 149.484783     13.000    11.0410  30.548147     0.9134 6.3776e-01     2.1564    230.846     79.370     12.881    26.6263    20.2580    1483.65 0.0000e+00
       1212 149.484802     12.000    11.0278  30.476406     0.9158 8.7545e-01     2.1528    230.115     79.066     11.890    26.5672    20.2142    1483.52 0.0000e+00
       1219 149.484820     11.000    11.0233  30.334985     0.9323 1.2098e+00     2.1468    229.177     78.670     10.900    26.4347    20.1121    1483.33 0.0000e+00
       1225 149.484839     10.000    11.0109  30.174298     0.9805 1.6787e+00     2.1413    228.997     78.515      9.909    26.2894    20.0013    1483.09 0.0000e+00
       1232 149.484857      9.000    11.0008  30.053705     0.9966 2.3516e+00     2.1376    228.755     78.360      8.918    26.1810    19.9189    1482.91 0.0000e+00
       1238 149.484876      8.000    10.9970  29.941961     1.0485 3.3115e+00     2.1331    228.171     78.102      7.927    26.0767    19.8385    1482.75 0.0000e+00
