CTD_data_day1/sbe55_sbe19p_5262_20260529_re3.cnv
* Sea-Bird SBE 19plus Data File:
* FileName = C:\Data\sbe55_sbe19p_5262\2026-05-29\sbe55_sbe19p_5262_20260529_re3067.hex
* Software Version SeatermAF 2.1.4
* Temperature SN = 5262
* Conductivity SN = 5262
* System UpLoad Time = May 29 2026 10:47:36 (localtime) = May 29 2026 10:47:36 (UTC)
* ds
* SeacatPlus V 1.6b  SERIAL NO. 5262    29 May 2026  10:47:06
# nquan = 15                                
# nvalues = 1427                        
# units = specified
# name 0 = scan: Scan Count
# name 1 = timeJ: Julian Days
# name 2 = prdM: Pressure, Strain Gauge [db]
# name 3 = tv290C: Temperature [ITS-90, deg C]
# name 4 = c0mS/cm: Conductivity [mS/cm]
# name 5 = wetStar: Fluorescence, WET Labs WETstar [mg/m^3]
# name 6 = par: PAR/Irradiance, Biospherical/Licor [umol photons/m^2/sec]
# name 7 = sbeox0V: Oxygen raw, SBE 43 [V]
# name 8 = sbeox0Mm/L: Oxygen, SBE 43 [umol/l], WS = 2
# name 9 = sbeox0PS: Oxygen, SBE 43 [% saturation], WS = 2
# name 10 = depSM: Depth [salt water, m], lat = 56
# name 11 = sal00: Salinity, Practical [PSU]
# name 12 = sigma-é00: Density [sigma-theta, kg/m^3]
# name 13 = svCM: Sound Velocity [Chen-Millero, m/s]
# name 14 = flag: flag
# span 0 =        301,       1727       
# span 1 = 149.439988, 149.444115       
# span 2 =     -0.130,     93.268       
# span 3 =     9.1172,    13.1134       
# span 4 =   3.244967,  31.077698       
# span 5 =     0.0780,     8.9321       
# span 6 = 1.0000e-12, 2.0680e+02       
# span 7 =     1.1317,     2.2087       
# span 8 =     86.279,    240.616       
# span 9 =     29.912,     81.903       
# span 10 =     -0.129,     92.398      
# span 11 =     2.2685,    26.8804      
# span 12 =     1.1804,    20.4101      
# span 13 =    1460.39,    1486.34      
# span 14 = 0.0000e+00, 0.0000e+00      
# interval = seconds: 0.25
# start_time = May 29 2026 10:32:20 [Instrument's time stamp, header]
# bad_flag = -9.990e-29
*END*
[from data line 97]
        398 149.440269      8.102     9.1567  26.899525     1.3271 1.2574e+00     1.6664    162.689     52.884      8.028    24.3802    18.7954    1473.92 0.0000e+00
        399 149.440272      8.249     9.1453  26.910787     1.1566 1.1705e+00     1.6613    164.091     53.332      8.174    24.3992    18.8118    1473.90 0.0000e+00
        400 149.440275      8.395     9.1366  26.921717     1.0383 1.0914e+00     1.6573    165.751     53.867      8.318    24.4160    18.8261    1473.89 0.0000e+00
        401 149.440278      8.539     9.1300  26.932290     0.9839 1.0240e+00     1.6555    167.640     54.478      8.461    24.4310    18.8387    1473.89 0.0000e+00
        402 149.440281      8.681     9.1248  26.943141     0.8756 9.6298e-01     1.6549    169.505     55.083      8.602    24.4453    18.8506    1473.89 0.0000e+00
        403 149.440284      8.820     9.1206  26.955948     0.7833 9.3662e-01     1.6548    171.373     55.690      8.740    24.4609    18.8634    1473.89 0.0000e+00
        404 149.440286      8.959     9.1178  26.973375     0.7170 8.8825e-01     1.6572    173.504     56.386      8.877    24.4802    18.8788    1473.91 0.0000e+00
        405 149.440289      9.098     9.1172  26.997146     0.6379 8.4789e-01     1.6594    175.382     57.005      9.015    24.5043    18.8977    1473.94 0.0000e+00
        406 149.440292      9.239     9.1195  27.025165     0.5859 8.1110e-01     1.6631    177.344     57.655      9.155    24.5306    18.9179    1473.98 0.0000e+00
        407 149.440295      9.384     9.1248  27.052956     0.5472 7.5557e-01     1.6682    179.405     58.341      9.298    24.5547    18.9359    1474.03 0.0000e+00
        408 149.440298      9.530     9.1325  27.078146     0.5040 7.0459e-01     1.6740    181.394     59.006      9.443    24.5745    18.9503    1474.09 0.0000e+00
        409 149.440301      9.678     9.1415  27.101731     0.4780 6.5449e-01     1.6801    183.194     59.610      9.590    24.5918    18.9626    1474.14 0.0000e+00
        410 149.440304      9.825     9.1513  27.126041     0.4500 6.0757e-01     1.6868    184.827     60.162      9.735    24.6092    18.9748    1474.20 0.0000e+00
        411 149.440307      9.970     9.1623  27.152358     0.4356 5.6809e-01     1.6944    186.164     60.619      9.879    24.6279    18.9878    1474.27 0.0000e+00
        412 149.440310     10.113     9.1754  27.181023     0.4154 5.4177e-01     1.7027    187.298     61.014     10.021    24.6474    19.0012    1474.35 0.0000e+00
        413 149.440313     10.253     9.1908  27.211738     0.3989 5.0697e-01     1.7094    187.791     61.204     10.159    24.6673    19.0147    1474.43 0.0000e+00
        414 149.440315     10.392     9.2086  27.244085     0.3915 4.9523e-01     1.7172    188.271     61.393     10.297    24.6873    19.0277    1474.53 0.0000e+00
        415 149.440318     10.531     9.2284  27.278706     0.3808 4.8172e-01     1.7228    188.044     61.354     10.435    24.7080    19.0412    1474.63 0.0000e+00
        416 149.440321     10.671     9.2501  27.315083     0.3734 4.5755e-01     1.7284    187.603     61.249     10.574    24.7292    19.0547    1474.74 0.0000e+00
        417 149.440324     10.814     9.2731  27.348850     0.3618 4.4464e-01     1.7323    187.046     61.106     10.715    24.7469    19.0652    1474.85 0.0000e+00
        418 149.440327     10.961     9.2956  27.373574     0.3396 4.1876e-01     1.7376    186.778     61.052     10.861    24.7559    19.0691    1474.95 0.0000e+00
        419 149.440330     11.111     9.3142  27.387389     0.3495 3.8663e-01     1.7399    186.470     60.978     11.010    24.7568    19.0671    1475.02 0.0000e+00
        420 149.440333     11.261     9.3261  27.394220     0.3355 3.4961e-01     1.7416    186.430     60.980     11.158    24.7553    19.0643    1475.07 0.0000e+00
        421 149.440336     11.408     9.3318  27.397701     0.3350 3.2641e-01     1.7444    186.956     61.160     11.304    24.7547    19.0631    1475.09 0.0000e+00
        422 149.440339     11.551     9.3332  27.399563     0.3330 3.0418e-01     1.7471    187.876     61.463     11.446    24.7556    19.0635    1475.10 0.0000e+00
        423 149.440341     11.691     9.3319  27.401046     0.3289 2.9632e-01     1.7506    189.502     61.994     11.584    24.7579    19.0655    1475.10 0.0000e+00
        424 149.440344     11.827     9.3294  27.403390     0.3272 2.9159e-01     1.7552    191.525     62.654     11.719    24.7619    19.0690    1475.09 0.0000e+00
        425 149.440347     11.964     9.3267  27.408024     0.3317 2.8830e-01     1.7601    193.578     63.324     11.855    24.7683    19.0744    1475.09 0.0000e+00
        426 149.440350     12.104     9.3246  27.417217     0.3350 2.8031e-01     1.7671    195.884     64.080     11.994    24.7789    19.0829    1475.10 0.0000e+00
        427 149.440353     12.248     9.3249  27.433973     0.3247 2.5652e-01     1.7750    198.015     64.785     12.136    24.7953    19.0957    1475.13 0.0000e+00
        428 149.440356     12.396     9.3301  27.458458     0.3206 2.3176e-01     1.7838    199.841     65.398     12.283    24.8160    19.1111    1475.17 0.0000e+00
        429 149.440359     12.546     9.3418  27.488910     0.3165 2.1543e-01     1.7925    201.099     65.837     12.431    24.8381    19.1267    1475.25 0.0000e+00
        430 149.440362     12.695     9.3602  27.526198     0.3091 1.9835e-01     1.8012    201.681     66.065     12.579    24.8624    19.1430    1475.35 0.0000e+00
        431 149.440365     12.841     9.3849  27.571195     0.3046 1.8985e-01     1.8091    201.673     66.111     12.724    24.8899    19.1609    1475.48 0.0000e+00
        432 149.440367     12.984     9.4164  27.624006     0.2930 1.7665e-01     1.8161    201.081     65.976     12.865    24.9204    19.1802    1475.63 0.0000e+00
        433 149.440370     13.124     9.4547  27.686178     0.3008 1.7836e-01     1.8215    199.926     65.668     13.004    24.9555    19.2021    1475.82 0.0000e+00
        434 149.440373     13.265     9.4995  27.750801     0.2786 1.6948e-01     1.8255    198.384     65.241     13.144    24.9884    19.2213    1476.03 0.0000e+00
        435 149.440376     13.408     9.5470  27.800179     0.2934 1.5849e-01     1.8287    196.754     64.781     13.286    25.0042    19.2268    1476.23 0.0000e+00
        436 149.440379     13.555     9.5878  27.826717     0.2807 1.4047e-01     1.8300    195.073     64.285     13.431    25.0020    19.2192    1476.38 0.0000e+00
        437 149.440382     13.704     9.6137  27.839504     0.2889 1.3275e-01     1.8298    193.559     63.821     13.579    24.9966    19.2113    1476.48 0.0000e+00
        438 149.440385     13.854     9.6249  27.847881     0.2815 1.2900e-01     1.8288    192.396     63.453     13.727    24.9971    19.2100    1476.52 0.0000e+00
        439 149.440388     14.004     9.6269  27.854958     0.2943 1.1878e-01     1.8271    191.557     63.182     13.876    25.0026    19.2141    1476.54 0.0000e+00
        440 149.440391     14.153     9.6239  27.861358     0.2848 1.0675e-01     1.8254    191.179     63.056     14.024    25.0110    19.2210    1476.54 0.0000e+00
        441 149.440394     14.300     9.6178  27.865613     0.2852 1.0909e-01     1.8239    191.088     63.021     14.169    25.0194    19.2284    1476.53 0.0000e+00
        442 149.440396     14.447     9.6081  27.865946     0.2844 9.4093e-02     1.8233    191.393     63.111     14.315    25.0264    19.2353    1476.50 0.0000e+00
        443 149.440399     14.594     9.5934  27.865465     0.2786 9.0413e-02     1.8228    191.837     63.240     14.461    25.0361    19.2450    1476.46 0.0000e+00
        444 149.440402     14.742     9.5750  27.870548     0.2827 7.7543e-02     1.8227    192.328     63.383     14.607    25.0539    19.2615    1476.42 0.0000e+00
        445 149.440405     14.890     9.5581  27.883908     0.2856 8.0254e-02     1.8221    192.597     63.458     14.754    25.0788    19.2834    1476.39 0.0000e+00
        446 149.440408     15.039     9.5477  27.904298     0.2765 7.0820e-02     1.8229    192.958     63.574     14.902    25.1062    19.3062    1476.39 0.0000e+00
        447 149.440411     15.189     9.5457  27.929081     0.2737 6.2520e-02     1.8235    193.237     63.673     15.050    25.1321    19.3267    1476.41 0.0000e+00
        448 149.440414     15.339     9.5513  27.955384     0.2642 5.5970e-02     1.8241    193.476     63.769     15.199    25.1542    19.3431    1476.46 0.0000e+00
        449 149.440417     15.489     9.5622  27.982395     0.2634 5.1934e-02     1.8241    193.614     63.838     15.347    25.1733    19.3564    1476.53 0.0000e+00
        450 149.440420     15.639     9.5766  28.010414     0.2658 4.6708e-02     1.8248    193.808     63.930     15.496    25.1909    19.3680    1476.61 0.0000e+00
        451 149.440422     15.790     9.5934  28.037395     0.2625 4.3728e-02     1.8256    194.011     64.027     15.646    25.2058    19.3772    1476.69 0.0000e+00
        452 149.440425     15.940     9.6114  28.060495     0.2535 3.3775e-02     1.8267    194.360     64.172     15.794    25.2160    19.3826    1476.77 0.0000e+00
        453 149.440428     16.091     9.6289  28.079500     0.2617 3.4320e-02     1.8279    194.695     64.311     15.944    25.2225    19.3851    1476.85 0.0000e+00
        454 149.440431     16.241     9.6442  28.095842     0.2691 3.0943e-02     1.8296    195.044     64.450     16.093    25.2279    19.3870    1476.91 0.0000e+00
        455 149.440434     16.391     9.6573  28.111109     0.2621 2.1863e-02     1.8305    195.341     64.570     16.241    25.2337    19.3897    1476.97 0.0000e+00
        456 149.440437     16.541     9.6686  28.127551     0.2671 1.8491e-02     1.8327    195.724     64.716     16.390    25.2420    19.3945    1477.03 0.0000e+00
        457 149.440440     16.691     9.6797  28.147288     0.2757 1.1806e-02     1.8339    195.987     64.824     16.538    25.2537    19.4020    1477.08 0.0000e+00
        458 149.440443     16.843     9.6924  28.168361     0.2634 1.2337e-02     1.8356    196.194     64.916     16.689    25.2656    19.4094    1477.15 0.0000e+00
        459 149.440446     16.995     9.7070  28.186815     0.2658 9.8476e-03     1.8382    196.557     65.060     16.840    25.2735    19.4134    1477.21 0.0000e+00
        460 149.440448     17.147     9.7218  28.202803     0.2601 5.4403e-03     1.8394    196.549     65.081     16.990    25.2788    19.4154    1477.28 0.0000e+00
        461 149.440451     17.298     9.7356  28.218361     0.2601 1.0000e-12     1.8418    196.805     65.189     17.140    25.2845    19.4178    1477.34 0.0000e+00
        462 149.440454     17.449     9.7486  28.234366     0.2621 1.4525e-05     1.8428    196.810     65.212     17.289    25.2911    19.4210    1477.40 0.0000e+00
        463 149.440457     17.599     9.7614  28.250910     0.2547 1.0000e-12     1.8447    196.871     65.254     17.438    25.2984    19.4248    1477.46 0.0000e+00
        464 149.440460     17.749     9.7741  28.267739     0.2601 1.0000e-12     1.8456    196.835     65.263     17.587    25.3060    19.4289    1477.52 0.0000e+00
        465 149.440463     17.899     9.7868  28.284444     0.2547 1.0000e-12     1.8475    196.889     65.303     17.735    25.3135    19.4329    1477.57 0.0000e+00
        466 149.440466     18.050     9.7991  28.300253     0.2551 1.0000e-12     1.8492    196.957     65.346     17.885    25.3204    19.4364    1477.63 0.0000e+00
        467 149.440469     18.203     9.8106  28.314433     0.2481 1.4525e-05     1.8501    196.848     65.329     18.037    25.3263    19.4393    1477.68 0.0000e+00
        468 149.440472     18.356     9.8209  28.326689     0.2514 1.0000e-12     1.8510    196.937     65.376     18.188    25.3311    19.4415    1477.73 0.0000e+00
        469 149.440475     18.508     9.8299  28.337505     0.2493 1.0000e-12     1.8521    196.953     65.396     18.339    25.3354    19.4435    1477.77 0.0000e+00
        470 149.440477     18.660     9.8376  28.347277     0.2568 1.0000e-12     1.8527    197.063     65.446     18.489    25.3395    19.4456    1477.81 0.0000e+00
        471 149.440480     18.811     9.8444  28.356074     0.2596 1.0000e-12     1.8535    197.152     65.487     18.639    25.3434    19.4476    1477.84 0.0000e+00
        472 149.440483     18.961     9.8504  28.364145     0.2564 1.0000e-12     1.8558    197.518     65.619     18.788    25.3471    19.4496    1477.87 0.0000e+00
        473 149.440486     19.111     9.8557  28.371775     0.2477 1.0000e-12     1.8563    197.523     65.630     18.936    25.3508    19.4517    1477.90 0.0000e+00
        474 149.440489     19.261     9.8607  28.379408     0.2535 1.0000e-12     1.8583    197.802     65.731     19.085    25.3547    19.4541    1477.92 0.0000e+00
        475 149.440492     19.412     9.8653  28.387865     0.2493 1.0000e-12     1.8583    197.713     65.711     19.234    25.3598    19.4573    1477.95 0.0000e+00
        476 149.440495     19.564     9.8700  28.398173     0.2539 1.0000e-12     1.8600    197.872     65.773     19.385    25.3666    19.4619    1477.97 0.0000e+00
        477 149.440498     19.717     9.8755  28.409461     0.2547 1.4525e-05     1.8603    198.002     65.827     19.537    25.3738    19.4667    1478.01 0.0000e+00
        478 149.440501     19.871     9.8815  28.419249     0.2514 1.0000e-12     1.8618    198.260     65.924     19.689    25.3791    19.4700    1478.04 0.0000e+00
        479 149.440503     20.024     9.8876  28.427206     0.2419 1.0000e-12     1.8627    198.588     66.044     19.841    25.3826    19.4718    1478.07 0.0000e+00
        480 149.440506     20.176     9.8930  28.434584     0.2535 1.0000e-12     1.8642    198.882     66.151     19.991    25.3860    19.4736    1478.09 0.0000e+00
        481 149.440509     20.327     9.8980  28.442252     0.2481 1.0000e-12     1.8659    199.258     66.285     20.141    25.3900    19.4760    1478.12 0.0000e+00
        482 149.440512     20.477     9.9027  28.451046     0.2465 1.4525e-05     1.8673    199.576     66.400     20.290    25.3953    19.4794    1478.15 0.0000e+00
        483 149.440515     20.627     9.9078  28.461791     0.2444 1.0000e-12     1.8692    199.972     66.542     20.438    25.4022    19.4840    1478.18 0.0000e+00
        484 149.440518     20.778     9.9138  28.474976     0.2353 1.0000e-12     1.8706    200.229     66.640     20.588    25.4109    19.4899    1478.21 0.0000e+00
        485 149.440521     20.932     9.9210  28.489892     0.2337 1.4525e-05     1.8721    200.444     66.727     20.740    25.4205    19.4963    1478.25 0.0000e+00
        486 149.440524     21.086     9.9294  28.504639     0.2300 1.0000e-12     1.8746    200.908     66.897     20.893    25.4290    19.5017    1478.30 0.0000e+00
        487 149.440527     21.241     9.9384  28.518398     0.2304 4.4503e-05     1.8764    201.206     67.013     21.047    25.4362    19.5059    1478.34 0.0000e+00
        488 149.440530     21.394     9.9474  28.532208     0.2358 1.0000e-12     1.8783    201.564     67.149     21.198    25.4433    19.5101    1478.38 0.0000e+00
        489 149.440532     21.544     9.9564  28.547128     0.2325 1.0000e-12     1.8798    201.835     67.256     21.347    25.4516    19.5152    1478.43 0.0000e+00
        490 149.440535     21.692     9.9657  28.563103     0.2325 2.9513e-05     1.8827    202.223     67.403     21.493    25.4607    19.5209    1478.48 0.0000e+00
        491 149.440538     21.839     9.9755  28.579158     0.2234 1.0000e-12     1.8845    202.396     67.479     21.639    25.4695    19.5263    1478.53 0.0000e+00
        492 149.440541     21.988     9.9852  28.594094     0.2222 2.9513e-05     1.8869    202.699     67.598     21.787    25.4773    19.5309    1478.57 0.0000e+00
