CTD_data_day1/sbe55_sbe19p_5262_20260529_re6.cnv
* Sea-Bird SBE 19plus Data File:
* FileName = C:\Data\sbe55_sbe19p_5262\2026-05-29\sbe55_sbe19p_5262_20260529_re6068.hex
* Software Version SeatermAF 2.1.4
* Temperature SN = 5262
* Conductivity SN = 5262
* System UpLoad Time = May 29 2026 11:42:05 (localtime) = May 29 2026 11:42:05 (UTC)
* ds
* SeacatPlus V 1.6b  SERIAL NO. 5262    29 May 2026  11:41:12
# nquan = 15                                
# nvalues = 1054                        
# units = specified
# name 0 = scan: Scan Count
# name 1 = timeJ: Julian Days
# name 2 = prdM: Pressure, Strain Gauge [db]
# name 3 = tv290C: Temperature [ITS-90, deg C]
# name 4 = c0mS/cm: Conductivity [mS/cm]
# name 5 = wetStar: Fluorescence, WET Labs WETstar [mg/m^3]
# name 6 = par: PAR/Irradiance, Biospherical/Licor [umol photons/m^2/sec]
# name 7 = sbeox0V: Oxygen raw, SBE 43 [V]
# name 8 = sbeox0Mm/L: Oxygen, SBE 43 [umol/l], WS = 2
# name 9 = sbeox0PS: Oxygen, SBE 43 [% saturation], WS = 2
# name 10 = depSM: Depth [salt water, m], lat = 56
# name 11 = sal00: Salinity, Practical [PSU]
# name 12 = sigma-é00: Density [sigma-theta, kg/m^3]
# name 13 = svCM: Sound Velocity [Chen-Millero, m/s]
# name 14 = flag: flag
# span 0 =        301,       1354       
# span 1 = 149.482164, 149.485211       
# span 2 =     -0.107,     51.693       
# span 3 =    10.2677,    11.5343       
# span 4 =   2.596399,  31.248272       
# span 5 =     0.0244,     2.5483       
# span 6 = 1.0000e-12, 2.2779e+02       
# span 7 =     1.9082,     2.1804       
# span 8 =    200.649,    236.058       
# span 9 =     66.212,     81.276       
# span 10 =     -0.106,     51.216      
# span 11 =     1.8592,    27.5035      
# span 12 =     1.0296,    21.0570      
# span 13 =    1454.62,    1484.94      
# span 14 = 0.0000e+00, 0.0000e+00      
# interval = seconds: 0.25
# start_time = May 29 2026 11:33:04 [Instrument's time stamp, header]
# bad_flag = -9.990e-29
*END*
[from data line 290]
        591 149.483003      5.051    11.1925  29.128836     1.5995 9.9752e+00     2.1192    226.670     77.469      5.005    25.1641    19.0986    1482.32 0.0000e+00
        592 149.483006      5.187    11.1836  29.157169     1.5764 9.4186e+00     2.1184    226.673     77.471      5.140    25.1971    19.1257    1482.32 0.0000e+00
        593 149.483009      5.323    11.1721  29.191982     1.5245 8.9006e+00     2.1176    226.647     77.463      5.274    25.2381    19.1593    1482.34 0.0000e+00
        594 149.483012      5.460    11.1570  29.230244     1.4923 8.4274e+00     2.1179    226.780     77.506      5.410    25.2848    19.1980    1482.34 0.0000e+00
        595 149.483015      5.596    11.1390  29.266663     1.4347 7.9705e+00     2.1173    226.923     77.548      5.545    25.3319    19.2374    1482.33 0.0000e+00
        596 149.483018      5.733    11.1200  29.297505     1.4083 7.5650e+00     2.1177    227.168     77.621      5.681    25.3743    19.2735    1482.32 0.0000e+00
        597 149.483021      5.869    11.1023  29.323260     1.4066 7.1710e+00     2.1182    227.367     77.677      5.816    25.4111    19.3048    1482.30 0.0000e+00
        598 149.483024      6.006    11.0873  29.347218     1.3930 6.7888e+00     2.1173    227.260     77.631      5.951    25.4443    19.3330    1482.29 0.0000e+00
        599 149.483027      6.143    11.0750  29.371810     1.3420 6.4290e+00     2.1180    227.377     77.666      6.087    25.4762    19.3598    1482.29 0.0000e+00
        600 149.483030      6.280    11.0648  29.397588     1.3378 6.2373e+00     2.1181    227.398     77.671      6.223    25.5079    19.3860    1482.29 0.0000e+00
        601 149.483032      6.417    11.0557  29.424210     1.2764 5.9201e+00     2.1181    227.383     77.667      6.359    25.5396    19.4121    1482.30 0.0000e+00
        602 149.483035      6.553    11.0473  29.452404     1.2550 5.6268e+00     2.1179    227.410     77.678      6.493    25.5724    19.4389    1482.31 0.0000e+00
        603 149.483038      6.688    11.0392  29.482491     1.2340 5.3699e+00     2.1177    227.349     77.660      6.627    25.6068    19.4669    1482.32 0.0000e+00
        604 149.483041      6.824    11.0312  29.511158     1.1945 5.1062e+00     2.1184    227.442     77.695      6.762    25.6398    19.4938    1482.34 0.0000e+00
        605 149.483044      6.960    11.0235  29.534371     1.1689 4.8631e+00     2.1180    227.400     77.681      6.897    25.6673    19.5164    1482.34 0.0000e+00
        606 149.483047      7.097    11.0167  29.551135     1.2254 4.6198e+00     2.1183    227.494     77.712      7.032    25.6881    19.5336    1482.35 0.0000e+00
        607 149.483050      7.234    11.0114  29.562594     1.1854 4.3790e+00     2.1185    227.548     77.729      7.168    25.7027    19.5459    1482.35 0.0000e+00
        608 149.483053      7.371    11.0077  29.570399     1.1710 4.1461e+00     2.1182    227.505     77.713      7.304    25.7127    19.5542    1482.35 0.0000e+00
        609 149.483056      7.507    11.0053  29.576031     1.1413 3.9352e+00     2.1183    227.609     77.747      7.439    25.7198    19.5601    1482.35 0.0000e+00
        610 149.483058      7.643    11.0038  29.580359     1.1273 3.7666e+00     2.1187    227.607     77.747      7.573    25.7249    19.5643    1482.35 0.0000e+00
        611 149.483061      7.779    11.0028  29.583697     1.1664 3.5985e+00     2.1188    227.642     77.759      7.708    25.7288    19.5675    1482.36 0.0000e+00
        612 149.483064      7.914    11.0022  29.586310     1.1244 3.5159e+00     2.1190    227.673     77.770      7.842    25.7317    19.5698    1482.36 0.0000e+00
        613 149.483067      8.049    11.0017  29.588434     1.1199 3.3473e+00     2.1195    227.798     77.813      7.976    25.7340    19.5717    1482.36 0.0000e+00
        614 149.483070      8.185    11.0013  29.590349     1.1191 3.1894e+00     2.1186    227.716     77.785      8.110    25.7361    19.5734    1482.37 0.0000e+00
        615 149.483073      8.321    11.0010  29.592454     1.1364 3.0388e+00     2.1193    227.936     77.861      8.245    25.7383    19.5751    1482.37 0.0000e+00
        616 149.483076      8.457    11.0008  29.595163     1.1479 2.8847e+00     2.1191    228.066     77.906      8.380    25.7409    19.5773    1482.37 0.0000e+00
        617 149.483079      8.593    11.0005  29.598925     1.1203 2.7317e+00     2.1202    228.384     78.017      8.515    25.7447    19.5802    1482.38 0.0000e+00
        618 149.483082      8.729    11.0001  29.604402     1.1306 2.6026e+00     2.1205    228.665     78.115      8.649    25.7502    19.5846    1482.39 0.0000e+00
        619 149.483084      8.865    10.9995  29.612801     1.1430 2.4966e+00     2.1214    228.893     78.196      8.784    25.7586    19.5912    1482.40 0.0000e+00
        620 149.483087      9.001    10.9985  29.625933     1.1285 2.3870e+00     2.1224    229.115     78.276      8.919    25.7719    19.6017    1482.41 0.0000e+00
        621 149.483090      9.137    10.9970  29.646611     1.2212 2.2675e+00     2.1231    229.157     78.298      9.054    25.7927    19.6181    1482.43 0.0000e+00
        622 149.483093      9.273    10.9950  29.679530     1.0886 2.1664e+00     2.1244    229.401     78.395      9.188    25.8257    19.6440    1482.47 0.0000e+00
        623 149.483096      9.409    10.9925  29.727966     1.0742 2.1105e+00     2.1252    229.501     78.449      9.323    25.8739    19.6818    1482.52 0.0000e+00
        624 149.483099      9.545    10.9892  29.784753     1.0490 2.0180e+00     2.1258    229.484     78.465      9.458    25.9307    19.7264    1482.58 0.0000e+00
        625 149.483102      9.682    10.9856  29.837214     1.0593 1.9101e+00     2.1262    229.489     78.487      9.594    25.9835    19.7680    1482.63 0.0000e+00
        626 149.483105      9.820    10.9825  29.882200     1.0350 1.8103e+00     2.1281    229.574     78.534      9.730    26.0289    19.8038    1482.68 0.0000e+00
        627 149.483108      9.957    10.9810  29.922768     0.9938 1.7295e+00     2.1291    229.550     78.543      9.866    26.0689    19.8350    1482.72 0.0000e+00
        628 149.483111     10.094    10.9815  29.959751     1.0148 1.6555e+00     2.1292    229.442     78.524     10.002    26.1041    19.8623    1482.77 0.0000e+00
        629 149.483113     10.231    10.9843  29.992719     1.0087 1.5719e+00     2.1304    229.535     78.576     10.138    26.1337    19.8848    1482.82 0.0000e+00
        630 149.483116     10.368    10.9887  30.022453     1.0087 1.5088e+00     2.1299    229.342     78.530     10.273    26.1591    19.9038    1482.86 0.0000e+00
        631 149.483119     10.505    10.9936  30.049488     1.0066 1.4422e+00     2.1302    229.450     78.587     10.409    26.1816    19.9205    1482.91 0.0000e+00
        632 149.483122     10.642    10.9979  30.072540     0.9988 1.3727e+00     2.1312    229.692     78.686     10.545    26.2006    19.9346    1482.95 0.0000e+00
        633 149.483125     10.780    11.0001  30.091444     0.9679 1.3039e+00     2.1325    229.952     78.787     10.682    26.2172    19.9471    1482.98 0.0000e+00
        634 149.483128     10.917    10.9989  30.107009     0.9510 1.2435e+00     2.1332    230.189     78.874     10.817    26.2330    19.9595    1483.00 0.0000e+00
        635 149.483131     11.054    10.9945  30.119350     0.9213 1.2158e+00     2.1347    230.408     78.949     10.953    26.2479    19.9718    1483.00 0.0000e+00
        636 149.483134     11.191    10.9884  30.129137     0.9258 1.1700e+00     2.1354    230.480     78.970     11.089    26.2616    19.9835    1483.00 0.0000e+00
        637 149.483137     11.328    10.9826  30.138821     0.9184 1.1171e+00     2.1364    230.539     78.987     11.225    26.2751    19.9948    1483.00 0.0000e+00
        638 149.483139     11.465    10.9783  30.150075     0.8916 1.0596e+00     2.1372    230.616     79.013     11.360    26.2889    20.0063    1483.00 0.0000e+00
        639 149.483142     11.602    10.9760  30.161708     0.9094 1.0149e+00     2.1378    230.686     79.040     11.496    26.3017    20.0166    1483.01 0.0000e+00
        640 149.483145     11.740    10.9753  30.172800     0.8916 9.7242e-01     2.1389    230.783     79.077     11.633    26.3128    20.0253    1483.02 0.0000e+00
        641 149.483148     11.877    10.9757  30.184539     0.9370 9.2555e-01     2.1392    230.761     79.076     11.769    26.3238    20.0338    1483.04 0.0000e+00
        642 149.483151     12.015    10.9773  30.198911     0.9291 8.7990e-01     2.1402    230.756     79.084     11.905    26.3364    20.0433    1483.06 0.0000e+00
        643 149.483154     12.154    10.9800  30.217559     0.9094 8.3892e-01     2.1416    230.732     79.088     12.043    26.3524    20.0553    1483.09 0.0000e+00
        644 149.483157     12.292    10.9841  30.241153     0.9102 8.0357e-01     2.1414    230.467     79.014     12.180    26.3721    20.0699    1483.13 0.0000e+00
        645 149.483160     12.431    10.9898  30.270349     0.9003 7.6165e-01     2.1422    230.435     79.025     12.318    26.3961    20.0876    1483.19 0.0000e+00
        646 149.483163     12.570    10.9974  30.304112     0.9353 7.3745e-01     2.1418    230.146     78.952     12.455    26.4231    20.1073    1483.25 0.0000e+00
        647 149.483166     12.709    11.0068  30.335927     0.9419 7.1422e-01     2.1414    229.931     78.907     12.593    26.4469    20.1243    1483.31 0.0000e+00
        648 149.483168     12.849    11.0167  30.358579     0.9316 6.8947e-01     2.1417    229.987     78.950     12.732    26.4615    20.1340    1483.37 0.0000e+00
        649 149.483171     12.990    11.0238  30.370605     0.9061 6.5009e-01     2.1425    230.116     79.010     12.871    26.4679    20.1378    1483.40 0.0000e+00
        650 149.483174     13.131    11.0256  30.375128     0.9147 6.2832e-01     2.1422    230.229     79.053     13.011    26.4709    20.1399    1483.42 0.0000e+00
        651 149.483177     13.273    11.0214  30.376927     0.8764 5.9562e-01     2.1426    230.507     79.144     13.152    26.4756    20.1442    1483.41 0.0000e+00
        652 149.483180     13.415    11.0129  30.379815     0.8661 5.5761e-01     2.1433    230.823     79.242     13.292    26.4845    20.1525    1483.39 0.0000e+00
        653 149.483183     13.557    11.0030  30.385094     0.8781 5.3541e-01     2.1437    231.195     79.359     13.433    26.4966    20.1635    1483.37 0.0000e+00
        654 149.483186     13.698    10.9939  30.393123     0.9370 5.0552e-01     2.1445    231.691     79.521     13.573    26.5109    20.1761    1483.36 0.0000e+00
        655 149.483189     13.840    10.9870  30.404344     0.8443 4.8362e-01     2.1460    232.275     79.717     13.714    26.5266    20.1894    1483.36 0.0000e+00
        656 149.483192     13.981    10.9827  30.419011     0.8381 4.6999e-01     2.1473    232.760     79.885     13.853    26.5438    20.2035    1483.36 0.0000e+00
        657 149.483194     14.123    10.9807  30.437617     0.8134 4.4763e-01     2.1495    233.366     80.099     13.994    26.5631    20.2188    1483.38 0.0000e+00
        658 149.483197     14.264    10.9807  30.460670     0.8373 4.4380e-01     2.1513    233.898     80.293     14.134    26.5852    20.2360    1483.41 0.0000e+00
        659 149.483200     14.406    10.9829  30.486853     0.8406 4.1885e-01     2.1539    234.440     80.495     14.274    26.6088    20.2539    1483.45 0.0000e+00
        660 149.483203     14.548    10.9876  30.513210     0.8323 3.9617e-01     2.1557    234.808     80.641     14.415    26.6308    20.2702    1483.49 0.0000e+00
        661 149.483206     14.690    10.9953  30.538994     0.8949 3.7800e-01     2.1582    235.201     80.799     14.556    26.6500    20.2839    1483.55 0.0000e+00
        662 149.483209     14.832    11.0056  30.566438     0.8752 3.7097e-01     2.1614    235.700     80.998     14.697    26.6689    20.2969    1483.61 0.0000e+00
        663 149.483212     14.973    11.0189  30.597444     0.9316 3.4376e-01     2.1638    235.882     81.095     14.836    26.6891    20.3104    1483.68 0.0000e+00
        664 149.483215     15.113    11.0349  30.630914     0.9419 3.3187e-01     2.1662    236.034     81.186     14.975    26.7097    20.3237    1483.77 0.0000e+00
        665 149.483218     15.254    11.0527  30.666685     0.9353 3.0493e-01     2.1689    236.058     81.237     15.115    26.7311    20.3375    1483.86 0.0000e+00
        666 149.483220     15.394    11.0714  30.708956     0.9609 2.8751e-01     2.1718    236.037     81.276     15.253    26.7582    20.3554    1483.96 0.0000e+00
        667 149.483223     15.535    11.0921  30.759455     1.0111 2.7884e-01     2.1730    235.848     81.265     15.393    26.7917    20.3780    1484.08 0.0000e+00
        668 149.483226     15.676    11.1162  30.816098     1.0280 2.6417e-01     2.1750    235.612     81.245     15.533    26.8285    20.4026    1484.21 0.0000e+00
        669 149.483229     15.817    11.1428  30.876919     1.1273 2.4716e-01     2.1762    235.258     81.190     15.672    26.8676    20.4285    1484.36 0.0000e+00
        670 149.483232     15.957    11.1701  30.936207     1.1426 2.3778e-01     2.1775    234.888     81.129     15.811    26.9046    20.4527    1484.50 0.0000e+00
        671 149.483235     16.096    11.1952  30.987888     1.1838 2.2526e-01     2.1794    234.721     81.132     15.949    26.9359    20.4728    1484.63 0.0000e+00
        672 149.483238     16.235    11.2149  31.034105     1.1714 2.1787e-01     2.1793    234.102     80.968     16.087    26.9658    20.4928    1484.74 0.0000e+00
        673 149.483241     16.374    11.2271  31.080558     1.0948 1.9785e-01     2.1803    233.695     80.867     16.224    27.0014    20.5184    1484.83 0.0000e+00
        674 149.483244     16.513    11.2310  31.127330     1.0190 1.9924e-01     2.1801    233.024     80.663     16.362    27.0434    20.5503    1484.89 0.0000e+00
        675 149.483247     16.652    11.2265  31.168281     1.0894 1.8454e-01     2.1804    232.431     80.471     16.500    27.0860    20.5841    1484.93 0.0000e+00
        676 149.483249     16.791    11.2157  31.198526     0.9831 1.7568e-01     2.1787    231.717     80.224     16.638    27.1229    20.6145    1484.94 0.0000e+00
        677 149.483252     16.931    11.2030  31.218993     0.9275 1.7136e-01     2.1779    231.123     80.011     16.776    27.1518    20.6391    1484.93 0.0000e+00
        678 149.483255     17.071    11.1917  31.232502     0.8978 1.6597e-01     2.1756    230.455     79.771     16.915    27.1731    20.6575    1484.92 0.0000e+00
        679 149.483258     17.211    11.1824  31.240833     0.9127 1.5733e-01     2.1734    229.876     79.562     17.054    27.1879    20.6705    1484.90 0.0000e+00
        680 149.483261     17.351    11.1740  31.245431     0.9019 1.5215e-01     2.1714    229.462     79.410     17.192    27.1985    20.6801    1484.89 0.0000e+00
        681 149.483264     17.491    11.1651  31.247534     0.8447 1.4577e-01     2.1692    228.968     79.228     17.331    27.2070    20.6883    1484.87 0.0000e+00
        682 149.483267     17.632    11.1545  31.248272     0.8612 1.3134e-01     2.1670    228.715     79.126     17.471    27.2155    20.6966    1484.84 0.0000e+00
        683 149.483270     17.775    11.1418  31.247791     0.8525 1.2794e-01     2.1648    228.499     79.034     17.612    27.2243    20.7056    1484.81 0.0000e+00
        684 149.483273     17.918    11.1268  31.244524     0.7882 1.1142e-01     2.1622    228.259     78.929     17.754    27.2322    20.7142    1484.77 0.0000e+00
        685 149.483275     18.064    11.1095  31.236273     0.7656 1.1080e-01     2.1591    227.981     78.806     17.899    27.2370    20.7208    1484.72 0.0000e+00
