CTD_data_day1/sbe55_sbe19p_5262_20260529_re5.cnv
* Sea-Bird SBE 19plus Data File:
* FileName = C:\Data\sbe55_sbe19p_5262\2026-05-29\sbe55_sbe19p_5262_20260529_re5064.hex
* Software Version SeatermAF 2.1.4
* Temperature SN = 5262
* Conductivity SN = 5262
* System UpLoad Time = May 29 2026 08:08:10 (localtime) = May 29 2026 08:08:10 (UTC)
* ds
* SeacatPlus V 1.6b  SERIAL NO. 5262    29 May 2026  08:07:38
# nquan = 15                                
# nvalues = 2410                        
# units = specified
# name 0 = scan: Scan Count
# name 1 = timeJ: Julian Days
# name 2 = prdM: Pressure, Strain Gauge [db]
# name 3 = tv290C: Temperature [ITS-90, deg C]
# name 4 = c0mS/cm: Conductivity [mS/cm]
# name 5 = wetStar: Fluorescence, WET Labs WETstar [mg/m^3]
# name 6 = par: PAR/Irradiance, Biospherical/Licor [umol photons/m^2/sec]
# name 7 = sbeox0V: Oxygen raw, SBE 43 [V]
# name 8 = sbeox0Mm/L: Oxygen, SBE 43 [umol/l], WS = 2
# name 9 = sbeox0PS: Oxygen, SBE 43 [% saturation], WS = 2
# name 10 = depSM: Depth [salt water, m], lat = 56
# name 11 = sal00: Salinity, Practical [PSU]
# name 12 = sigma-é00: Density [sigma-theta, kg/m^3]
# name 13 = svCM: Sound Velocity [Chen-Millero, m/s]
# name 14 = flag: flag
# span 0 =        301,       2710       
# span 1 = 149.326065, 149.333035       
# span 2 =     -0.163,    141.222       
# span 3 =     9.6041,    11.5190       
# span 4 =   2.352278,  31.322487       
# span 5 =    -0.0238,     2.0325       
# span 6 = 1.0000e-12, 4.7801e+02       
# span 7 =     1.0776,     2.0990       
# span 8 =     78.693,    243.856       
# span 9 =     27.398,     76.729       
# span 10 =     -0.162,    139.889      
# span 11 =     1.6898,    26.9758      
# span 12 =     0.9328,    20.4519      
# span 13 =    1453.15,    1487.88      
# span 14 = 0.0000e+00, 0.0000e+00      
# interval = seconds: 0.25
# start_time = May 29 2026 07:48:17 [Instrument's time stamp, header]
# bad_flag = -9.990e-29
*END*
[from data line 1446]
       1747 149.330249    112.083    11.4944  31.278928     0.3074 1.0000e-12     1.0925     80.786     28.110    111.033    26.9623    20.4449    1487.30 0.0000e+00
       1748 149.330252    111.960    11.4942  31.278742     0.3070 1.0000e-12     1.0925     80.826     28.123    110.911    26.9623    20.4449    1487.30 0.0000e+00
       1749 149.330255    111.837    11.4941  31.278578     0.3054 1.0000e-12     1.0926     80.814     28.119    110.789    26.9622    20.4449    1487.30 0.0000e+00
       1750 149.330258    111.713    11.4940  31.278397     0.3103 1.0000e-12     1.0928     80.821     28.121    110.666    26.9622    20.4449    1487.29 0.0000e+00
       1751 149.330260    111.590    11.4939  31.278214     0.3099 1.0000e-12     1.0929     80.832     28.125    110.545    26.9621    20.4449    1487.29 0.0000e+00
       1752 149.330263    111.466    11.4938  31.277996     0.3087 1.0000e-12     1.0928     80.821     28.121    110.422    26.9620    20.4448    1487.29 0.0000e+00
       1753 149.330266    111.344    11.4937  31.277741     0.3074 1.0000e-12     1.0925     80.774     28.105    110.301    26.9619    20.4447    1487.29 0.0000e+00
       1754 149.330269    111.222    11.4936  31.277465     0.3095 1.0000e-12     1.0927     80.799     28.113    110.180    26.9617    20.4446    1487.28 0.0000e+00
       1755 149.330272    111.100    11.4934  31.277141     0.3124 1.0000e-12     1.0926     80.788     28.109    110.059    26.9616    20.4446    1487.28 0.0000e+00
       1756 149.330275    110.977    11.4932  31.276757     0.3095 1.0000e-12     1.0929     80.819     28.120    109.938    26.9614    20.4445    1487.28 0.0000e+00
       1757 149.330278    110.854    11.4930  31.276320     0.3087 1.0000e-12     1.0929     80.797     28.112    109.816    26.9612    20.4443    1487.27 0.0000e+00
       1758 149.330281    110.731    11.4927  31.275889     0.3111 1.0000e-12     1.0929     80.785     28.108    109.694    26.9611    20.4442    1487.27 0.0000e+00
       1759 149.330284    110.608    11.4924  31.275556     0.3087 1.0000e-12     1.0928     80.775     28.104    109.572    26.9610    20.4443    1487.27 0.0000e+00
       1760 149.330286    110.486    11.4922  31.275337     0.3017 1.0000e-12     1.0925     80.705     28.080    109.451    26.9610    20.4443    1487.26 0.0000e+00
       1761 149.330289    110.366    11.4920  31.275167     0.3099 1.0000e-12     1.0924     80.688     28.074    109.332    26.9610    20.4443    1487.26 0.0000e+00
       1762 149.330292    110.246    11.4919  31.274983     0.3116 1.0000e-12     1.0928     80.802     28.113    109.214    26.9610    20.4443    1487.26 0.0000e+00
       1763 149.330295    110.126    11.4918  31.274796     0.3050 1.0000e-12     1.0928     80.829     28.123    109.095    26.9609    20.4443    1487.26 0.0000e+00
       1764 149.330298    110.006    11.4917  31.274653     0.3037 1.0000e-12     1.0926     80.828     28.122    108.976    26.9609    20.4442    1487.26 0.0000e+00
       1765 149.330301    109.886    11.4916  31.274551     0.3087 1.0000e-12     1.0925     80.832     28.124    108.857    26.9609    20.4443    1487.25 0.0000e+00
       1766 149.330304    109.766    11.4916  31.274450     0.3087 1.0000e-12     1.0931     80.823     28.120    108.738    26.9608    20.4442    1487.25 0.0000e+00
       1767 149.330307    109.645    11.4915  31.274315     0.3124 1.0000e-12     1.0928     80.795     28.110    108.618    26.9608    20.4442    1487.25 0.0000e+00
       1768 149.330310    109.525    11.4915  31.274175     0.3128 1.0000e-12     1.0929     80.821     28.119    108.500    26.9607    20.4442    1487.25 0.0000e+00
       1769 149.330312    109.405    11.4914  31.274044     0.3066 1.0000e-12     1.0932     80.851     28.130    108.381    26.9607    20.4442    1487.24 0.0000e+00
       1770 149.330315    109.285    11.4913  31.273915     0.3111 1.0000e-12     1.0922     80.672     28.068    108.262    26.9607    20.4442    1487.24 0.0000e+00
       1771 149.330318    109.165    11.4912  31.273764     0.3054 1.0000e-12     1.0929     80.818     28.118    108.143    26.9607    20.4442    1487.24 0.0000e+00
       1772 149.330321    109.044    11.4911  31.273600     0.3128 1.0000e-12     1.0929     80.806     28.114    108.023    26.9606    20.4442    1487.24 0.0000e+00
       1773 149.330324    108.923    11.4910  31.273460     0.3058 1.0000e-12     1.0929     80.796     28.111    107.903    26.9606    20.4442    1487.23 0.0000e+00
       1774 149.330327    108.802    11.4909  31.273358     0.3091 1.0000e-12     1.0928     80.809     28.115    107.784    26.9606    20.4442    1487.23 0.0000e+00
       1775 149.330330    108.680    11.4908  31.273258     0.3111 1.0000e-12     1.0931     80.816     28.117    107.663    26.9607    20.4442    1487.23 0.0000e+00
       1776 149.330333    108.559    11.4907  31.273131     0.3074 1.0000e-12     1.0928     80.785     28.107    107.543    26.9607    20.4442    1487.23 0.0000e+00
       1777 149.330336    108.438    11.4906  31.272993     0.3124 1.0000e-12     1.0927     80.772     28.102    107.423    26.9606    20.4442    1487.23 0.0000e+00
       1778 149.330339    108.317    11.4906  31.272882     0.3074 1.0000e-12     1.0927     80.816     28.117    107.303    26.9606    20.4442    1487.22 0.0000e+00
       1779 149.330341    108.196    11.4905  31.272791     0.3066 1.0000e-12     1.0931     80.904     28.148    107.183    26.9606    20.4442    1487.22 0.0000e+00
       1780 149.330344    108.075    11.4905  31.272713     0.3103 1.0000e-12     1.0930     80.913     28.151    107.064    26.9606    20.4442    1487.22 0.0000e+00
       1781 149.330347    107.954    11.4904  31.272624     0.3058 1.0000e-12     1.0929     80.887     28.142    106.944    26.9606    20.4442    1487.22 0.0000e+00
       1782 149.330350    107.833    11.4904  31.272537     0.3054 1.0000e-12     1.0934     80.891     28.143    106.824    26.9606    20.4442    1487.21 0.0000e+00
       1783 149.330353    107.712    11.4904  31.272459     0.3079 1.0000e-12     1.0935     80.872     28.137    106.704    26.9605    20.4442    1487.21 0.0000e+00
       1784 149.330356    107.590    11.4904  31.272378     0.3013 1.0000e-12     1.0932     80.854     28.130    106.583    26.9605    20.4441    1487.21 0.0000e+00
       1785 149.330359    107.469    11.4903  31.272293     0.3087 1.0000e-12     1.0932     80.834     28.123    106.463    26.9605    20.4442    1487.21 0.0000e+00
       1786 149.330362    107.348    11.4903  31.272210     0.3153 1.0000e-12     1.0928     80.707     28.079    106.344    26.9605    20.4441    1487.21 0.0000e+00
       1787 149.330365    107.228    11.4903  31.272094     0.3074 1.0000e-12     1.0932     80.784     28.106    106.225    26.9604    20.4441    1487.20 0.0000e+00
       1788 149.330367    107.108    11.4903  31.271962     0.3041 1.0000e-12     1.0935     80.862     28.133    106.106    26.9604    20.4440    1487.20 0.0000e+00
       1789 149.330370    106.988    11.4902  31.271840     0.3087 1.0000e-12     1.0932     80.829     28.122    105.987    26.9604    20.4440    1487.20 0.0000e+00
       1790 149.330373    106.869    11.4900  31.271734     0.3087 1.0000e-12     1.0928     80.782     28.105    105.869    26.9604    20.4441    1487.20 0.0000e+00
       1791 149.330376    106.750    11.4899  31.271640     0.3058 1.0000e-12     1.0932     80.805     28.113    105.751    26.9605    20.4442    1487.19 0.0000e+00
       1792 149.330379    106.632    11.4899  31.271537     0.3124 1.0000e-12     1.0932     80.737     28.089    105.634    26.9604    20.4441    1487.19 0.0000e+00
       1793 149.330382    106.513    11.4898  31.271407     0.3074 1.0000e-12     1.0932     80.753     28.095    105.517    26.9604    20.4441    1487.19 0.0000e+00
       1794 149.330385    106.395    11.4898  31.271283     0.3025 1.0000e-12     1.0932     80.787     28.107    105.400    26.9603    20.4441    1487.19 0.0000e+00
       1795 149.330388    106.278    11.4897  31.271185     0.3054 1.0000e-12     1.0932     80.777     28.103    105.284    26.9603    20.4441    1487.19 0.0000e+00
       1796 149.330391    106.161    11.4897  31.271098     0.3074 1.0000e-12     1.0924     80.715     28.081    105.168    26.9603    20.4441    1487.18 0.0000e+00
       1797 149.330394    106.044    11.4897  31.271012     0.3050 1.0000e-12     1.0928     80.781     28.104    105.052    26.9603    20.4440    1487.18 0.0000e+00
       1798 149.330396    105.928    11.4897  31.270959     0.3029 1.0000e-12     1.0932     80.867     28.134    104.937    26.9602    20.4440    1487.18 0.0000e+00
       1799 149.330399    105.812    11.4896  31.270923     0.3120 1.0000e-12     1.0932     80.911     28.150    104.822    26.9603    20.4441    1487.18 0.0000e+00
       1800 149.330402    105.696    11.4896  31.270905     0.3074 1.0000e-12     1.0935     80.991     28.178    104.707    26.9604    20.4441    1487.18 0.0000e+00
       1801 149.330405    105.580    11.4896  31.270889     0.3103 1.0000e-12     1.0931     80.871     28.136    104.592    26.9604    20.4441    1487.17 0.0000e+00
       1802 149.330408    105.464    11.4895  31.270831     0.3103 1.0000e-12     1.0933     80.935     28.158    104.478    26.9604    20.4442    1487.17 0.0000e+00
       1803 149.330411    105.348    11.4895  31.270744     0.3128 1.0000e-12     1.0935     80.966     28.169    104.363    26.9604    20.4442    1487.17 0.0000e+00
       1804 149.330414    105.232    11.4894  31.270646     0.3120 1.0000e-12     1.0935     80.948     28.162    104.248    26.9604    20.4442    1487.17 0.0000e+00
       1805 149.330417    105.115    11.4894  31.270537     0.3062 1.0000e-12     1.0934     80.937     28.159    104.132    26.9604    20.4441    1487.17 0.0000e+00
       1806 149.330420    104.999    11.4894  31.270424     0.3120 1.0000e-12     1.0943     81.037     28.193    104.017    26.9603    20.4441    1487.16 0.0000e+00
       1807 149.330422    104.883    11.4894  31.270335     0.3132 1.0000e-12     1.0938     80.918     28.152    103.902    26.9602    20.4440    1487.16 0.0000e+00
       1808 149.330425    104.766    11.4893  31.270243     0.3116 1.0000e-12     1.0937     80.870     28.135    103.786    26.9603    20.4441    1487.16 0.0000e+00
       1809 149.330428    104.649    11.4893  31.270130     0.3095 1.0000e-12     1.0937     80.852     28.129    103.670    26.9602    20.4440    1487.16 0.0000e+00
       1810 149.330431    104.533    11.4893  31.270003     0.3149 1.0000e-12     1.0939     80.844     28.126    103.556    26.9601    20.4440    1487.16 0.0000e+00
       1811 149.330434    104.417    11.4892  31.269864     0.3128 1.0000e-12     1.0936     80.846     28.127    103.441    26.9601    20.4440    1487.15 0.0000e+00
       1812 149.330437    104.301    11.4891  31.269719     0.3186 1.0000e-12     1.0936     80.841     28.125    103.326    26.9601    20.4440    1487.15 0.0000e+00
       1813 149.330440    104.186    11.4890  31.269570     0.3058 1.0000e-12     1.0938     80.849     28.128    103.212    26.9600    20.4439    1487.15 0.0000e+00
       1814 149.330443    104.071    11.4890  31.269445     0.3062 1.0000e-12     1.0938     80.832     28.122    103.098    26.9600    20.4439    1487.15 0.0000e+00
       1815 149.330446    103.956    11.4889  31.269356     0.3058 1.0000e-12     1.0937     80.828     28.120    102.984    26.9600    20.4439    1487.14 0.0000e+00
       1816 149.330448    103.841    11.4889  31.269300     0.3054 1.0000e-12     1.0936     80.800     28.111    102.870    26.9600    20.4439    1487.14 0.0000e+00
       1817 149.330451    103.727    11.4889  31.269238     0.3198 1.0000e-12     1.0935     80.748     28.092    102.757    26.9600    20.4439    1487.14 0.0000e+00
       1818 149.330454    103.613    11.4888  31.269132     0.3107 1.0000e-12     1.0935     80.723     28.084    102.644    26.9600    20.4439    1487.14 0.0000e+00
       1819 149.330457    103.498    11.4888  31.268998     0.3111 1.0000e-12     1.0935     80.785     28.105    102.530    26.9599    20.4438    1487.14 0.0000e+00
       1820 149.330460    103.385    11.4887  31.268869     0.3087 1.0000e-12     1.0935     80.784     28.105    102.419    26.9599    20.4439    1487.13 0.0000e+00
       1821 149.330463    103.272    11.4887  31.268763     0.3099 1.0000e-12     1.0932     80.783     28.105    102.307    26.9598    20.4438    1487.13 0.0000e+00
       1822 149.330466    103.161    11.4886  31.268648     0.3128 1.0000e-12     1.0930     80.750     28.093    102.197    26.9598    20.4438    1487.13 0.0000e+00
       1823 149.330469    103.049    11.4886  31.268537     0.3107 1.0000e-12     1.0938     80.931     28.156    102.086    26.9598    20.4438    1487.13 0.0000e+00
       1824 149.330472    102.938    11.4885  31.268434     0.3116 1.0000e-12     1.0932     80.953     28.163    101.976    26.9598    20.4438    1487.13 0.0000e+00
       1825 149.330475    102.826    11.4885  31.268321     0.3169 1.0000e-12     1.0937     81.113     28.219    101.865    26.9597    20.4437    1487.12 0.0000e+00
       1826 149.330477    102.714    11.4884  31.268197     0.3066 1.0000e-12     1.0933     81.008     28.183    101.754    26.9597    20.4437    1487.12 0.0000e+00
       1827 149.330480    102.602    11.4884  31.268104     0.3116 1.0000e-12     1.0941     81.122     28.222    101.643    26.9596    20.4437    1487.12 0.0000e+00
       1828 149.330483    102.489    11.4883  31.268034     0.3025 1.0000e-12     1.0947     81.167     28.238    101.531    26.9597    20.4438    1487.12 0.0000e+00
       1829 149.330486    102.376    11.4883  31.267971     0.3157 1.0000e-12     1.0948     81.066     28.203    101.419    26.9597    20.4437    1487.12 0.0000e+00
       1830 149.330489    102.264    11.4882  31.267879     0.3074 1.0000e-12     1.0939     80.933     28.156    101.308    26.9597    20.4438    1487.11 0.0000e+00
       1831 149.330492    102.151    11.4882  31.267751     0.3091 1.0000e-12     1.0949     80.998     28.179    101.196    26.9596    20.4437    1487.11 0.0000e+00
       1832 149.330495    102.038    11.4881  31.267591     0.3074 1.0000e-12     1.0939     80.858     28.130    101.084    26.9596    20.4437    1487.11 0.0000e+00
       1833 149.330498    101.925    11.4880  31.267422     0.3132 1.0000e-12     1.0938     80.931     28.156    100.973    26.9595    20.4437    1487.11 0.0000e+00
       1834 149.330501    101.811    11.4879  31.267242     0.3128 1.0000e-12     1.0946     81.160     28.235    100.860    26.9595    20.4436    1487.11 0.0000e+00
       1835 149.330503    101.697    11.4879  31.267038     0.3165 1.0000e-12     1.0945     81.143     28.229    100.747    26.9593    20.4435    1487.10 0.0000e+00
       1836 149.330506    101.582    11.4878  31.266797     0.3091 1.0000e-12     1.0947     81.280     28.277    100.633    26.9592    20.4434    1487.10 0.0000e+00
       1837 149.330509    101.467    11.4876  31.266504     0.3116 1.0000e-12     1.0951     81.329     28.294    100.519    26.9591    20.4434    1487.10 0.0000e+00
       1838 149.330512    101.351    11.4875  31.266122     0.3095 1.0000e-12     1.0954     81.339     28.297    100.404    26.9589    20.4432    1487.10 0.0000e+00
       1839 149.330515    101.236    11.4873  31.265611     0.3087 1.0000e-12     1.0953     81.354     28.302    100.290    26.9586    20.4430    1487.09 0.0000e+00
       1840 149.330518    101.122    11.4870  31.264977     0.3107 1.0000e-12     1.0957     81.417     28.324    100.177    26.9582    20.4428    1487.09 0.0000e+00
       1841 149.330521    101.007    11.4867  31.264239     0.3091 1.0000e-12     1.0958     81.446     28.333    100.063    26.9578    20.4425    1487.09 0.0000e+00
       1842 149.330524    100.893    11.4862  31.263389     0.3157 1.0000e-12     1.0961     81.520     28.359     99.950    26.9574    20.4423    1487.08 0.0000e+00
