CTD_data_day1/sbe55_sbe19p_5262_20260529_re5.cnv
* Sea-Bird SBE 19plus Data File:
* FileName = C:\Data\sbe55_sbe19p_5262\2026-05-29\sbe55_sbe19p_5262_20260529_re5064.hex
* Software Version SeatermAF 2.1.4
* Temperature SN = 5262
* Conductivity SN = 5262
* System UpLoad Time = May 29 2026 08:08:10 (localtime) = May 29 2026 08:08:10 (UTC)
* ds
* SeacatPlus V 1.6b  SERIAL NO. 5262    29 May 2026  08:07:38
# nquan = 15                                
# nvalues = 2410                        
# units = specified
# name 0 = scan: Scan Count
# name 1 = timeJ: Julian Days
# name 2 = prdM: Pressure, Strain Gauge [db]
# name 3 = tv290C: Temperature [ITS-90, deg C]
# name 4 = c0mS/cm: Conductivity [mS/cm]
# name 5 = wetStar: Fluorescence, WET Labs WETstar [mg/m^3]
# name 6 = par: PAR/Irradiance, Biospherical/Licor [umol photons/m^2/sec]
# name 7 = sbeox0V: Oxygen raw, SBE 43 [V]
# name 8 = sbeox0Mm/L: Oxygen, SBE 43 [umol/l], WS = 2
# name 9 = sbeox0PS: Oxygen, SBE 43 [% saturation], WS = 2
# name 10 = depSM: Depth [salt water, m], lat = 56
# name 11 = sal00: Salinity, Practical [PSU]
# name 12 = sigma-é00: Density [sigma-theta, kg/m^3]
# name 13 = svCM: Sound Velocity [Chen-Millero, m/s]
# name 14 = flag: flag
# span 0 =        301,       2710       
# span 1 = 149.326065, 149.333035       
# span 2 =     -0.163,    141.222       
# span 3 =     9.6041,    11.5190       
# span 4 =   2.352278,  31.322487       
# span 5 =    -0.0238,     2.0325       
# span 6 = 1.0000e-12, 4.7801e+02       
# span 7 =     1.0776,     2.0990       
# span 8 =     78.693,    243.856       
# span 9 =     27.398,     76.729       
# span 10 =     -0.162,    139.889      
# span 11 =     1.6898,    26.9758      
# span 12 =     0.9328,    20.4519      
# span 13 =    1453.15,    1487.88      
# span 14 = 0.0000e+00, 0.0000e+00      
# interval = seconds: 0.25
# start_time = May 29 2026 07:48:17 [Instrument's time stamp, header]
# bad_flag = -9.990e-29
*END*
[from data line 1254]
       1555 149.329693    135.231    11.5163  31.316462     0.3132 1.0000e-12     1.0815     79.441     27.657    133.957    26.9739    20.4507    1487.77 0.0000e+00
       1556 149.329696    135.115    11.5163  31.316349     0.3161 1.0000e-12     1.0814     79.454     27.661    133.842    26.9739    20.4506    1487.77 0.0000e+00
       1557 149.329699    134.998    11.5162  31.316207     0.3153 1.0000e-12     1.0813     79.293     27.605    133.726    26.9738    20.4506    1487.77 0.0000e+00
       1558 149.329702    134.882    11.5162  31.316076     0.3173 1.0000e-12     1.0804     79.253     27.591    133.611    26.9738    20.4506    1487.77 0.0000e+00
       1559 149.329705    134.765    11.5161  31.315954     0.3103 1.0000e-12     1.0813     79.212     27.577    133.495    26.9738    20.4506    1487.76 0.0000e+00
       1560 149.329708    134.648    11.5161  31.315808     0.3177 1.0000e-12     1.0806     79.149     27.555    133.379    26.9737    20.4505    1487.76 0.0000e+00
       1561 149.329711    134.530    11.5160  31.315621     0.3173 1.0000e-12     1.0805     79.151     27.555    133.262    26.9736    20.4505    1487.76 0.0000e+00
       1562 149.329714    134.412    11.5159  31.315411     0.3186 1.0000e-12     1.0815     79.416     27.648    133.146    26.9735    20.4504    1487.76 0.0000e+00
       1563 149.329716    134.293    11.5158  31.315218     0.3107 1.0000e-12     1.0801     79.151     27.555    133.028    26.9734    20.4504    1487.75 0.0000e+00
       1564 149.329719    134.173    11.5157  31.315066     0.3103 1.0000e-12     1.0807     79.292     27.604    132.909    26.9734    20.4504    1487.75 0.0000e+00
       1565 149.329722    134.054    11.5156  31.314936     0.3182 1.0000e-12     1.0804     79.266     27.595    132.791    26.9734    20.4504    1487.75 0.0000e+00
       1566 149.329725    133.935    11.5156  31.314800     0.3182 1.0000e-12     1.0815     79.408     27.644    132.673    26.9733    20.4503    1487.75 0.0000e+00
       1567 149.329728    133.816    11.5155  31.314610     0.3120 1.0000e-12     1.0805     79.384     27.636    132.555    26.9733    20.4503    1487.75 0.0000e+00
       1568 149.329731    133.696    11.5154  31.314379     0.3144 1.0000e-12     1.0808     79.335     27.619    132.437    26.9731    20.4502    1487.74 0.0000e+00
       1569 149.329734    133.576    11.5153  31.314179     0.3157 1.0000e-12     1.0811     79.346     27.623    132.318    26.9731    20.4502    1487.74 0.0000e+00
       1570 149.329737    133.455    11.5152  31.314041     0.3182 1.0000e-12     1.0810     79.187     27.567    132.198    26.9731    20.4502    1487.74 0.0000e+00
       1571 149.329740    133.335    11.5151  31.313909     0.3177 1.0000e-12     1.0814     79.308     27.609    132.079    26.9730    20.4502    1487.74 0.0000e+00
       1572 149.329742    133.215    11.5150  31.313767     0.3128 1.0000e-12     1.0807     79.214     27.577    131.960    26.9730    20.4502    1487.73 0.0000e+00
       1573 149.329745    133.095    11.5149  31.313633     0.3214 1.0000e-12     1.0808     79.243     27.586    131.841    26.9730    20.4502    1487.73 0.0000e+00
       1574 149.329748    132.976    11.5148  31.313497     0.3153 1.0000e-12     1.0799     79.016     27.507    131.724    26.9730    20.4502    1487.73 0.0000e+00
       1575 149.329751    132.857    11.5148  31.313370     0.3202 1.0000e-12     1.0808     79.103     27.538    131.606    26.9729    20.4501    1487.73 0.0000e+00
       1576 149.329754    132.738    11.5147  31.313269     0.3128 1.0000e-12     1.0812     79.205     27.573    131.488    26.9729    20.4501    1487.72 0.0000e+00
       1577 149.329757    132.620    11.5147  31.313193     0.3153 1.0000e-12     1.0811     79.231     27.582    131.371    26.9729    20.4501    1487.72 0.0000e+00
       1578 149.329760    132.502    11.5146  31.313120     0.3144 1.0000e-12     1.0795     79.153     27.555    131.254    26.9729    20.4502    1487.72 0.0000e+00
       1579 149.329763    132.384    11.5145  31.313052     0.3161 1.0000e-12     1.0799     79.128     27.546    131.137    26.9730    20.4502    1487.72 0.0000e+00
       1580 149.329766    132.265    11.5145  31.312990     0.3182 1.0000e-12     1.0801     79.275     27.597    131.019    26.9730    20.4502    1487.72 0.0000e+00
       1581 149.329769    132.146    11.5145  31.312917     0.3087 1.0000e-12     1.0806     79.314     27.611    130.902    26.9730    20.4502    1487.71 0.0000e+00
       1582 149.329771    132.026    11.5145  31.312838     0.3140 1.0000e-12     1.0817     79.643     27.726    130.783    26.9729    20.4502    1487.71 0.0000e+00
       1583 149.329774    131.906    11.5144  31.312764     0.3182 1.0000e-12     1.0804     79.242     27.586    130.664    26.9730    20.4502    1487.71 0.0000e+00
       1584 149.329777    131.786    11.5144  31.312704     0.3161 1.0000e-12     1.0817     79.219     27.578    130.545    26.9729    20.4502    1487.71 0.0000e+00
       1585 149.329780    131.667    11.5144  31.312621     0.3153 1.0000e-12     1.0797     78.801     27.432    130.427    26.9729    20.4502    1487.71 0.0000e+00
       1586 149.329783    131.548    11.5143  31.312485     0.3169 1.0000e-12     1.0818     79.181     27.565    130.309    26.9729    20.4502    1487.70 0.0000e+00
       1587 149.329786    131.428    11.5143  31.312341     0.3198 1.0000e-12     1.0795     78.947     27.483    130.191    26.9728    20.4501    1487.70 0.0000e+00
       1588 149.329789    131.308    11.5143  31.312231     0.3144 1.0000e-12     1.0791     78.963     27.489    130.072    26.9727    20.4500    1487.70 0.0000e+00
       1589 149.329792    131.186    11.5143  31.312154     0.3103 1.0000e-12     1.0795     79.192     27.569    129.951    26.9727    20.4500    1487.70 0.0000e+00
       1590 149.329795    131.065    11.5142  31.312093     0.3099 1.0000e-12     1.0812     79.348     27.623    129.831    26.9728    20.4501    1487.70 0.0000e+00
       1591 149.329797    130.943    11.5142  31.312042     0.3169 1.0000e-12     1.0801     79.325     27.615    129.710    26.9728    20.4501    1487.69 0.0000e+00
       1592 149.329800    130.822    11.5142  31.311971     0.3140 1.0000e-12     1.0811     79.336     27.618    129.590    26.9727    20.4500    1487.69 0.0000e+00
       1593 149.329803    130.702    11.5142  31.311893     0.3169 1.0000e-12     1.0808     79.283     27.600    129.472    26.9727    20.4500    1487.69 0.0000e+00
       1594 149.329806    130.582    11.5142  31.311854     0.3128 1.0000e-12     1.0801     79.141     27.551    129.353    26.9727    20.4500    1487.69 0.0000e+00
       1595 149.329809    130.463    11.5142  31.311856     0.3210 1.0000e-12     1.0801     79.162     27.558    129.235    26.9728    20.4500    1487.69 0.0000e+00
       1596 149.329812    130.344    11.5141  31.311825     0.3219 1.0000e-12     1.0795     79.045     27.517    129.117    26.9728    20.4501    1487.68 0.0000e+00
       1597 149.329815    130.226    11.5141  31.311751     0.3132 1.0000e-12     1.0814     79.451     27.658    129.000    26.9728    20.4501    1487.68 0.0000e+00
       1598 149.329818    130.109    11.5141  31.311670     0.3120 1.0000e-12     1.0811     79.479     27.668    128.884    26.9728    20.4501    1487.68 0.0000e+00
       1599 149.329821    129.993    11.5141  31.311594     0.3103 1.0000e-12     1.0801     79.298     27.605    128.770    26.9727    20.4500    1487.68 0.0000e+00
       1600 149.329823    129.879    11.5140  31.311503     0.3161 1.0000e-12     1.0806     79.403     27.642    128.657    26.9728    20.4501    1487.67 0.0000e+00
       1601 149.329826    129.765    11.5140  31.311413     0.3099 1.0000e-12     1.0814     79.396     27.639    128.544    26.9727    20.4500    1487.67 0.0000e+00
       1602 149.329829    129.652    11.5139  31.311322     0.3095 1.0000e-12     1.0811     79.403     27.642    128.432    26.9727    20.4501    1487.67 0.0000e+00
       1603 149.329832    129.538    11.5139  31.311250     0.3144 1.0000e-12     1.0808     79.389     27.637    128.319    26.9727    20.4501    1487.67 0.0000e+00
       1604 149.329835    129.423    11.5139  31.311197     0.3231 1.0000e-12     1.0818     79.404     27.642    128.205    26.9727    20.4500    1487.67 0.0000e+00
       1605 149.329838    129.308    11.5139  31.311153     0.3149 1.0000e-12     1.0812     79.239     27.585    128.091    26.9727    20.4500    1487.67 0.0000e+00
       1606 149.329841    129.193    11.5138  31.311093     0.3099 1.0000e-12     1.0812     79.284     27.600    127.977    26.9728    20.4501    1487.66 0.0000e+00
       1607 149.329844    129.079    11.5138  31.311016     0.3161 1.0000e-12     1.0813     79.284     27.600    127.864    26.9727    20.4501    1487.66 0.0000e+00
       1608 149.329847    128.966    11.5137  31.310919     0.3111 1.0000e-12     1.0808     79.201     27.571    127.753    26.9728    20.4501    1487.66 0.0000e+00
       1609 149.329850    128.853    11.5137  31.310832     0.3103 1.0000e-12     1.0809     79.340     27.620    127.641    26.9727    20.4501    1487.66 0.0000e+00
       1610 149.329852    128.741    11.5137  31.310762     0.3144 1.0000e-12     1.0814     79.415     27.646    127.530    26.9727    20.4500    1487.65 0.0000e+00
       1611 149.329855    128.627    11.5137  31.310692     0.3182 1.0000e-12     1.0811     79.406     27.642    127.417    26.9727    20.4500    1487.65 0.0000e+00
       1612 149.329858    128.513    11.5137  31.310624     0.3132 1.0000e-12     1.0815     79.433     27.652    127.304    26.9726    20.4500    1487.65 0.0000e+00
       1613 149.329861    128.399    11.5136  31.310553     0.3062 1.0000e-12     1.0820     79.494     27.673    127.191    26.9727    20.4500    1487.65 0.0000e+00
       1614 149.329864    128.285    11.5136  31.310471     0.3161 1.0000e-12     1.0814     79.430     27.651    127.078    26.9726    20.4500    1487.65 0.0000e+00
       1615 149.329867    128.170    11.5136  31.310378     0.3050 1.0000e-12     1.0818     79.503     27.676    126.964    26.9726    20.4500    1487.65 0.0000e+00
       1616 149.329870    128.057    11.5136  31.310304     0.3111 1.0000e-12     1.0811     79.398     27.640    126.852    26.9726    20.4500    1487.64 0.0000e+00
       1617 149.329873    127.943    11.5135  31.310261     0.3046 1.0000e-12     1.0819     79.539     27.689    126.739    26.9726    20.4500    1487.64 0.0000e+00
       1618 149.329876    127.830    11.5135  31.310233     0.3107 1.0000e-12     1.0824     79.650     27.727    126.628    26.9726    20.4500    1487.64 0.0000e+00
       1619 149.329878    127.716    11.5134  31.310200     0.3062 1.0000e-12     1.0821     79.504     27.677    126.515    26.9727    20.4501    1487.64 0.0000e+00
       1620 149.329881    127.603    11.5134  31.310161     0.3182 1.0000e-12     1.0824     79.509     27.678    126.403    26.9727    20.4501    1487.64 0.0000e+00
       1621 149.329884    127.489    11.5133  31.310082     0.3116 1.0000e-12     1.0826     79.412     27.645    126.290    26.9728    20.4502    1487.63 0.0000e+00
       1622 149.329887    127.376    11.5133  31.309993     0.3124 1.0000e-12     1.0824     79.339     27.619    126.178    26.9727    20.4501    1487.63 0.0000e+00
       1623 149.329890    127.262    11.5132  31.309901     0.3202 1.0000e-12     1.0816     79.236     27.583    126.065    26.9727    20.4501    1487.63 0.0000e+00
       1624 149.329893    127.147    11.5132  31.309802     0.3132 1.0000e-12     1.0819     79.301     27.606    125.951    26.9727    20.4501    1487.63 0.0000e+00
       1625 149.329896    127.033    11.5131  31.309689     0.3161 1.0000e-12     1.0818     79.295     27.603    125.838    26.9727    20.4501    1487.62 0.0000e+00
       1626 149.329899    126.918    11.5131  31.309563     0.3223 1.0000e-12     1.0819     79.368     27.629    125.724    26.9726    20.4501    1487.62 0.0000e+00
       1627 149.329902    126.803    11.5131  31.309445     0.3128 1.0000e-12     1.0819     79.402     27.641    125.611    26.9725    20.4500    1487.62 0.0000e+00
       1628 149.329905    126.688    11.5130  31.309333     0.3128 1.0000e-12     1.0823     79.436     27.653    125.497    26.9726    20.4500    1487.62 0.0000e+00
       1629 149.329907    126.573    11.5130  31.309229     0.3153 1.0000e-12     1.0818     79.323     27.613    125.383    26.9725    20.4500    1487.62 0.0000e+00
       1630 149.329910    126.457    11.5130  31.309134     0.3140 1.0000e-12     1.0820     79.272     27.595    125.268    26.9724    20.4499    1487.61 0.0000e+00
       1631 149.329913    126.341    11.5130  31.309041     0.3223 1.0000e-12     1.0818     79.286     27.600    125.153    26.9724    20.4499    1487.61 0.0000e+00
       1632 149.329916    126.225    11.5129  31.308942     0.3210 1.0000e-12     1.0820     79.341     27.620    125.038    26.9724    20.4499    1487.61 0.0000e+00
       1633 149.329919    126.108    11.5129  31.308856     0.3128 1.0000e-12     1.0815     79.328     27.615    124.922    26.9724    20.4499    1487.61 0.0000e+00
       1634 149.329922    125.991    11.5129  31.308781     0.3182 1.0000e-12     1.0811     79.246     27.586    124.806    26.9723    20.4499    1487.61 0.0000e+00
       1635 149.329925    125.874    11.5129  31.308693     0.3268 1.0000e-12     1.0822     79.421     27.647    124.691    26.9723    20.4498    1487.60 0.0000e+00
       1636 149.329928    125.757    11.5128  31.308585     0.3182 1.0000e-12     1.0821     79.434     27.652    124.575    26.9723    20.4499    1487.60 0.0000e+00
       1637 149.329931    125.640    11.5128  31.308483     0.3149 1.0000e-12     1.0820     79.496     27.673    124.459    26.9723    20.4498    1487.60 0.0000e+00
       1638 149.329933    125.523    11.5127  31.308374     0.3173 1.0000e-12     1.0816     79.452     27.658    124.343    26.9723    20.4498    1487.60 0.0000e+00
       1639 149.329936    125.405    11.5127  31.308255     0.3173 1.0000e-12     1.0818     79.366     27.628    124.226    26.9722    20.4498    1487.60 0.0000e+00
       1640 149.329939    125.286    11.5126  31.308142     0.3165 1.0000e-12     1.0821     79.373     27.630    124.108    26.9722    20.4498    1487.59 0.0000e+00
       1641 149.329942    125.167    11.5126  31.308059     0.3182 1.0000e-12     1.0825     79.476     27.666    123.990    26.9722    20.4498    1487.59 0.0000e+00
       1642 149.329945    125.046    11.5125  31.307981     0.3124 1.0000e-12     1.0825     79.523     27.682    123.871    26.9722    20.4498    1487.59 0.0000e+00
       1643 149.329948    124.926    11.5125  31.307909     0.3186 1.0000e-12     1.0818     79.396     27.638    123.752    26.9722    20.4498    1487.59 0.0000e+00
       1644 149.329951    124.806    11.5124  31.307838     0.3144 1.0000e-12     1.0815     79.357     27.625    123.633    26.9722    20.4498    1487.59 0.0000e+00
       1645 149.329954    124.686    11.5124  31.307761     0.3177 1.0000e-12     1.0824     79.536     27.687    123.514    26.9722    20.4498    1487.58 0.0000e+00
       1646 149.329957    124.566    11.5123  31.307645     0.3132 1.0000e-12     1.0826     79.550     27.692    123.395    26.9722    20.4498    1487.58 0.0000e+00
       1647 149.329959    124.446    11.5122  31.307496     0.3157 1.0000e-12     1.0824     79.542     27.689    123.276    26.9722    20.4498    1487.58 0.0000e+00
       1648 149.329962    124.326    11.5121  31.307357     0.3144 1.0000e-12     1.0827     79.514     27.679    123.158    26.9722    20.4498    1487.58 0.0000e+00
       1649 149.329965    124.205    11.5121  31.307258     0.3157 1.0000e-12     1.0831     79.425     27.648    123.038    26.9721    20.4498    1487.57 0.0000e+00
