CTD_data_day1/sbe55_sbe19p_5262_20260529_re3.cnv
* Sea-Bird SBE 19plus Data File:
* FileName = C:\Data\sbe55_sbe19p_5262\2026-05-29\sbe55_sbe19p_5262_20260529_re3067.hex
* Software Version SeatermAF 2.1.4
* Temperature SN = 5262
* Conductivity SN = 5262
* System UpLoad Time = May 29 2026 10:47:36 (localtime) = May 29 2026 10:47:36 (UTC)
* ds
* SeacatPlus V 1.6b  SERIAL NO. 5262    29 May 2026  10:47:06
# nquan = 15                                
# nvalues = 1427                        
# units = specified
# name 0 = scan: Scan Count
# name 1 = timeJ: Julian Days
# name 2 = prdM: Pressure, Strain Gauge [db]
# name 3 = tv290C: Temperature [ITS-90, deg C]
# name 4 = c0mS/cm: Conductivity [mS/cm]
# name 5 = wetStar: Fluorescence, WET Labs WETstar [mg/m^3]
# name 6 = par: PAR/Irradiance, Biospherical/Licor [umol photons/m^2/sec]
# name 7 = sbeox0V: Oxygen raw, SBE 43 [V]
# name 8 = sbeox0Mm/L: Oxygen, SBE 43 [umol/l], WS = 2
# name 9 = sbeox0PS: Oxygen, SBE 43 [% saturation], WS = 2
# name 10 = depSM: Depth [salt water, m], lat = 56
# name 11 = sal00: Salinity, Practical [PSU]
# name 12 = sigma-é00: Density [sigma-theta, kg/m^3]
# name 13 = svCM: Sound Velocity [Chen-Millero, m/s]
# name 14 = flag: flag
# span 0 =        301,       1727       
# span 1 = 149.439988, 149.444115       
# span 2 =     -0.130,     93.268       
# span 3 =     9.1172,    13.1134       
# span 4 =   3.244967,  31.077698       
# span 5 =     0.0780,     8.9321       
# span 6 = 1.0000e-12, 2.0680e+02       
# span 7 =     1.1317,     2.2087       
# span 8 =     86.279,    240.616       
# span 9 =     29.912,     81.903       
# span 10 =     -0.129,     92.398      
# span 11 =     2.2685,    26.8804      
# span 12 =     1.1804,    20.4101      
# span 13 =    1460.39,    1486.34      
# span 14 = 0.0000e+00, 0.0000e+00      
# interval = seconds: 0.25
# start_time = May 29 2026 10:32:20 [Instrument's time stamp, header]
# bad_flag = -9.990e-29
*END*
[from data line 675]
        976 149.441942     89.530    11.3396  31.061421     0.3334 1.0000e-12     1.1389     87.090     30.185     88.696    26.8751    20.4029    1486.28 0.0000e+00
        977 149.441944     89.657    11.3410  31.062825     0.3309 1.0000e-12     1.1389     87.058     30.175     88.822    26.8754    20.4029    1486.28 0.0000e+00
        978 149.441947     89.785    11.3421  31.062946     0.3301 1.0000e-12     1.1387     87.009     30.159     88.949    26.8746    20.4022    1486.29 0.0000e+00
        979 149.441950     89.914    11.3427  31.062059     0.3313 1.0000e-12     1.1383     87.036     30.168     89.076    26.8733    20.4010    1486.29 0.0000e+00
        980 149.441953     90.040    11.3428  31.060865     0.3260 1.0000e-12     1.1376     86.969     30.145     89.201    26.8720    20.4000    1486.29 0.0000e+00
        981 149.441956     90.164    11.3424  31.059601     0.3317 1.0000e-12     1.1376     87.007     30.157     89.324    26.8711    20.3994    1486.29 0.0000e+00
        982 149.441959     90.284    11.3417  31.058197     0.3247 1.0000e-12     1.1379     87.059     30.175     89.443    26.8702    20.3988    1486.29 0.0000e+00
        983 149.441962     90.403    11.3409  31.056757     0.3268 1.0000e-12     1.1371     87.025     30.162     89.561    26.8694    20.3983    1486.29 0.0000e+00
        984 149.441965     90.522    11.3399  31.055397     0.3206 1.0000e-12     1.1375     87.116     30.193     89.679    26.8688    20.3980    1486.29 0.0000e+00
        985 149.441968     90.645    11.3390  31.054142     0.3231 1.0000e-12     1.1374     87.092     30.184     89.800    26.8682    20.3977    1486.28 0.0000e+00
        986 149.441970     90.771    11.3381  31.053272     0.3239 1.0000e-12     1.1367     86.991     30.149     89.925    26.8679    20.3977    1486.28 0.0000e+00
        987 149.441973     90.899    11.3373  31.053177     0.3276 1.0000e-12     1.1372     87.130     30.196     90.052    26.8684    20.3981    1486.28 0.0000e+00
        988 149.441976     91.028    11.3370  31.053634     0.3338 1.0000e-12     1.1368     87.066     30.174     90.180    26.8690    20.3987    1486.28 0.0000e+00
        989 149.441979     91.155    11.3370  31.054103     0.3334 1.0000e-12     1.1368     87.083     30.180     90.306    26.8694    20.3990    1486.29 0.0000e+00
        990 149.441982     91.279    11.3371  31.054363     0.3338 1.0000e-12     1.1367     87.139     30.200     90.428    26.8695    20.3991    1486.29 0.0000e+00
        991 149.441985     91.402    11.3373  31.054379     0.3247 1.0000e-12     1.1369     87.171     30.211     90.550    26.8694    20.3989    1486.29 0.0000e+00
        992 149.441988     91.522    11.3374  31.054146     0.3338 1.0000e-12     1.1368     87.208     30.224     90.669    26.8690    20.3986    1486.29 0.0000e+00
        993 149.441991     91.643    11.3374  31.053855     0.3260 1.0000e-12     1.1365     87.152     30.204     90.789    26.8687    20.3984    1486.30 0.0000e+00
        994 149.441994     91.764    11.3373  31.053694     0.3231 1.0000e-12     1.1370     87.159     30.207     90.909    26.8686    20.3983    1486.30 0.0000e+00
        995 149.441997     91.887    11.3372  31.053586     0.3305 1.0000e-12     1.1370     87.082     30.180     91.031    26.8685    20.3983    1486.30 0.0000e+00
        996 149.441999     92.011    11.3370  31.053521     0.3239 1.0000e-12     1.1370     87.028     30.161     91.153    26.8685    20.3983    1486.30 0.0000e+00
        997 149.442002     92.135    11.3369  31.053636     0.3231 1.0000e-12     1.1367     86.954     30.135     91.276    26.8687    20.3985    1486.30 0.0000e+00
        998 149.442005     92.257    11.3369  31.053978     0.3182 1.0000e-12     1.1361     86.800     30.082     91.397    26.8690    20.3987    1486.30 0.0000e+00
        999 149.442008     92.376    11.3370  31.054616     0.3214 1.0000e-12     1.1359     86.753     30.066     91.515    26.8695    20.3991    1486.31 0.0000e+00
       1000 149.442011     92.492    11.3373  31.055571     0.3231 1.0000e-12     1.1357     86.788     30.078     91.630    26.8701    20.3995    1486.31 0.0000e+00
       1001 149.442014     92.605    11.3378  31.056784     0.3169 1.0000e-12     1.1358     86.859     30.103     91.742    26.8709    20.4000    1486.31 0.0000e+00
       1002 149.442017     92.714    11.3385  31.058258     0.3169 1.0000e-12     1.1355     86.859     30.104     91.850    26.8717    20.4006    1486.32 0.0000e+00
       1003 149.442020     92.818    11.3394  31.059768     0.3140 1.0000e-12     1.1352     86.881     30.112     91.953    26.8725    20.4010    1486.33 0.0000e+00
       1004 149.442023     92.916    11.3404  31.060880     0.3231 1.0000e-12     1.1357     86.925     30.128     92.050    26.8728    20.4011    1486.33 0.0000e+00
       1005 149.442025     93.007    11.3412  31.061498     0.3173 1.0000e-12     1.1353     86.861     30.106     92.140    26.8728    20.4009    1486.34 0.0000e+00
       1006 149.442028     93.088    11.3419  31.061783     0.3177 1.0000e-12     1.1351     86.878     30.113     92.220    26.8725    20.4006    1486.34 0.0000e+00
       1007 149.442031     93.158    11.3423  31.061823     0.3124 1.0000e-12     1.1357     86.952     30.139     92.289    26.8722    20.4003    1486.34 0.0000e+00
       1008 149.442034     93.211    11.3425  31.061699     0.3173 1.0000e-12     1.1348     86.864     30.108     92.342    26.8719    20.4001    1486.34 0.0000e+00
       1009 149.442037     93.247    11.3425  31.061449     0.3153 1.0000e-12     1.1350     86.871     30.111     92.378    26.8717    20.3999    1486.34 -9.990e-29
       1010 149.442040     93.265    11.3424  31.061064     0.3124 1.0000e-12     1.1353     86.892     30.118     92.395    26.8714    20.3997    1486.34 -9.990e-29
       1011 149.442043     93.268    11.3422  31.060590     0.3198 1.0000e-12     1.1349     86.814     30.091     92.398    26.8711    20.3995    1486.34 -9.990e-29
       1012 149.442046     93.255    11.3418  31.060108     0.3182 1.0000e-12     1.1357     86.961     30.141     92.386    26.8709    20.3994    1486.34 -9.990e-29
       1013 149.442049     93.228    11.3415  31.059577     0.3256 1.0000e-12     1.1345     86.768     30.074     92.359    26.8706    20.3992    1486.34 0.0000e+00
       1014 149.442052     93.187    11.3411  31.058894     0.3103 1.0000e-12     1.1347     86.820     30.092     92.318    26.8703    20.3990    1486.34 0.0000e+00
       1015 149.442054     93.134    11.3407  31.058071     0.3173 1.0000e-12     1.1348     86.872     30.109     92.266    26.8698    20.3987    1486.33 0.0000e+00
       1016 149.442057     93.069    11.3402  31.057181     0.3165 1.0000e-12     1.1346     86.907     30.121     92.201    26.8693    20.3984    1486.33 0.0000e+00
       1017 149.442060     92.993    11.3396  31.056325     0.3169 1.0000e-12     1.1348     87.036     30.165     92.126    26.8690    20.3983    1486.33 0.0000e+00
       1018 149.442063     92.907    11.3391  31.055578     0.3144 1.0000e-12     1.1351     87.086     30.182     92.041    26.8687    20.3981    1486.32 0.0000e+00
       1019 149.442066     92.812    11.3386  31.054910     0.3194 1.0000e-12     1.1349     87.081     30.180     91.947    26.8684    20.3980    1486.32 0.0000e+00
       1020 149.442069     92.710    11.3381  31.054251     0.3157 1.0000e-12     1.1356     87.167     30.210     91.846    26.8682    20.3979    1486.31 0.0000e+00
       1021 149.442072     92.600    11.3377  31.053578     0.3182 1.0000e-12     1.1352     87.097     30.185     91.737    26.8679    20.3977    1486.31 0.0000e+00
       1022 149.442075     92.485    11.3372  31.052914     0.3149 1.0000e-12     1.1355     87.122     30.194     91.623    26.8676    20.3976    1486.31 0.0000e+00
       1023 149.442078     92.366    11.3368  31.052367     0.3210 1.0000e-12     1.1357     87.092     30.183     91.505    26.8675    20.3975    1486.30 0.0000e+00
       1024 149.442080     92.244    11.3365  31.051983     0.3149 1.0000e-12     1.1354     86.957     30.136     91.384    26.8673    20.3975    1486.30 0.0000e+00
       1025 149.442083     92.124    11.3362  31.051738     0.3140 1.0000e-12     1.1358     86.959     30.136     91.265    26.8674    20.3976    1486.30 0.0000e+00
       1026 149.442086     92.006    11.3361  31.051705     0.3231 1.0000e-12     1.1358     86.905     30.118     91.148    26.8675    20.3976    1486.30 0.0000e+00
       1027 149.442089     91.889    11.3360  31.051989     0.3177 1.0000e-12     1.1352     86.734     30.058     91.033    26.8678    20.3980    1486.29 0.0000e+00
       1028 149.442092     91.770    11.3361  31.052738     0.3182 1.0000e-12     1.1351     86.657     30.032     90.915    26.8685    20.3985    1486.29 0.0000e+00
       1029 149.442095     91.646    11.3364  31.054216     0.3107 1.0000e-12     1.1347     86.552     29.996     90.792    26.8698    20.3994    1486.29 0.0000e+00
       1030 149.442098     91.516    11.3371  31.056575     0.3153 1.0000e-12     1.1350     86.602     30.014     90.663    26.8716    20.4007    1486.30 0.0000e+00
       1031 149.442101     91.382    11.3382  31.059455     0.3124 1.0000e-12     1.1342     86.512     29.984     90.530    26.8736    20.4020    1486.30 0.0000e+00
       1032 149.442104     91.247    11.3399  31.062358     0.3206 1.0000e-12     1.1339     86.407     29.949     90.397    26.8751    20.4030    1486.31 0.0000e+00
       1033 149.442106     91.115    11.3418  31.065176     0.3157 1.0000e-12     1.1340     86.376     29.940     90.266    26.8765    20.4037    1486.31 0.0000e+00
       1034 149.442109     90.988    11.3438  31.067998     0.3169 1.0000e-12     1.1338     86.301     29.915     90.140    26.8778    20.4044    1486.32 0.0000e+00
       1035 149.442112     90.866    11.3458  31.070636     0.3285 1.0000e-12     1.1335     86.350     29.934     90.019    26.8789    20.4049    1486.32 0.0000e+00
       1036 149.442115     90.745    11.3478  31.072846     0.3198 1.0000e-12     1.1327     86.298     29.917     89.899    26.8796    20.4051    1486.33 0.0000e+00
       1037 149.442118     90.623    11.3496  31.074525     0.3202 1.0000e-12     1.1324     86.279     29.912     89.779    26.8800    20.4051    1486.34 0.0000e+00
       1038 149.442121     90.498    11.3510  31.075665     0.3161 1.0000e-12     1.1322     86.307     29.922     89.655    26.8801    20.4049    1486.34 0.0000e+00
       1039 149.442124     90.368    11.3520  31.076515     0.3231 1.0000e-12     1.1328     86.471     29.980     89.526    26.8802    20.4048    1486.34 0.0000e+00
       1040 149.442127     90.236    11.3528  31.077241     0.3231 1.0000e-12     1.1329     86.595     30.023     89.395    26.8804    20.4048    1486.34 0.0000e+00
       1041 149.442130     90.103    11.3535  31.077698     0.3165 1.0000e-12     1.1325     86.540     30.005     89.264    26.8803    20.4047    1486.34 0.0000e+00
       1042 149.442133     89.971    11.3540  31.077686     0.3157 1.0000e-12     1.1324     86.474     29.982     89.133    26.8800    20.4044    1486.34 0.0000e+00
       1043 149.442135     89.842    11.3543  31.077116     0.3173 1.0000e-12     1.1325     86.376     29.948     89.005    26.8793    20.4037    1486.34 0.0000e+00
       1044 149.442138     89.716    11.3543  31.076147     0.3231 1.0000e-12     1.1329     86.449     29.973     88.880    26.8784    20.4031    1486.34 0.0000e+00
       1045 149.442141     89.592    11.3540  31.075073     0.3157 1.0000e-12     1.1325     86.492     29.988     88.757    26.8777    20.4025    1486.33 0.0000e+00
       1046 149.442144     89.468    11.3535  31.073871     0.3202 1.0000e-12     1.1322     86.521     29.997     88.635    26.8769    20.4020    1486.33 0.0000e+00
       1047 149.442147     89.344    11.3528  31.072463     0.3177 1.0000e-12     1.1317     86.531     30.000     88.512    26.8761    20.4015    1486.32 0.0000e+00
       1048 149.442150     89.219    11.3519  31.071106     0.3165 1.0000e-12     1.1323     86.734     30.070     88.388    26.8755    20.4012    1486.32 0.0000e+00
       1049 149.442153     89.093    11.3511  31.069774     0.3157 1.0000e-12     1.1330     86.949     30.144     88.263    26.8749    20.4008    1486.31 0.0000e+00
       1050 149.442156     88.964    11.3502  31.068000     0.3140 1.0000e-12     1.1332     87.084     30.190     88.135    26.8739    20.4002    1486.30 0.0000e+00
       1051 149.442159     88.833    11.3492  31.065520     0.3153 1.0000e-12     1.1336     87.270     30.254     88.006    26.8723    20.3991    1486.30 0.0000e+00
       1052 149.442161     88.700    11.3478  31.062446     0.3124 1.0000e-12     1.1342     87.427     30.307     87.874    26.8704    20.3979    1486.29 0.0000e+00
       1053 149.442164     88.567    11.3461  31.059067     0.3132 1.0000e-12     1.1341     87.507     30.333     87.742    26.8685    20.3967    1486.28 0.0000e+00
       1054 149.442167     88.436    11.3441  31.055511     0.3144 1.0000e-12     1.1348     87.730     30.408     87.612    26.8666    20.3955    1486.26 0.0000e+00
       1055 149.442170     88.309    11.3418  31.051623     0.3132 1.0000e-12     1.1360     87.969     30.490     87.487    26.8645    20.3944    1486.25 0.0000e+00
       1056 149.442173     88.183    11.3394  31.047055     0.3132 1.0000e-12     1.1369     88.302     30.603     87.362    26.8620    20.3928    1486.24 0.0000e+00
       1057 149.442176     88.059    11.3366  31.041662     0.3169 1.0000e-12     1.1377     88.524     30.677     87.239    26.8589    20.3908    1486.22 0.0000e+00
       1058 149.442179     87.933    11.3333  31.035924     0.3107 1.0000e-12     1.1385     88.635     30.713     87.114    26.8558    20.3890    1486.20 0.0000e+00
       1059 149.442182     87.803    11.3297  31.029914     0.3128 1.0000e-12     1.1390     88.603     30.699     86.986    26.8528    20.3872    1486.19 0.0000e+00
       1060 149.442185     87.671    11.3257  31.023063     0.3157 1.0000e-12     1.1415     88.945     30.814     86.855    26.8492    20.3851    1486.16 0.0000e+00
       1061 149.442187     87.538    11.3213  31.015655     0.3124 1.0000e-12     1.1416     89.008     30.832     86.723    26.8453    20.3829    1486.14 0.0000e+00
       1062 149.442190     87.405    11.3166  31.008582     0.3140 1.0000e-12     1.1423     89.089     30.856     86.591    26.8420    20.3811    1486.12 0.0000e+00
       1063 149.442193     87.275    11.3119  31.002129     0.3111 1.0000e-12     1.1423     89.049     30.839     86.463    26.8393    20.3798    1486.10 0.0000e+00
       1064 149.442196     87.146    11.3073  30.995793     0.3165 1.0000e-12     1.1437     89.198     30.887     86.335    26.8366    20.3784    1486.08 0.0000e+00
       1065 149.442199     87.019    11.3028  30.988848     0.3206 1.0000e-12     1.1452     89.486     30.983     86.209    26.8333    20.3766    1486.05 0.0000e+00
       1066 149.442202     86.891    11.2983  30.982343     0.3099 1.0000e-12     1.1455     89.565     31.007     86.082    26.8304    20.3751    1486.03 0.0000e+00
       1067 149.442205     86.763    11.2939  30.978303     0.3091 1.0000e-12     1.1462     89.696     31.049     85.955    26.8297    20.3753    1486.01 0.0000e+00
       1068 149.442208     86.633    11.2903  30.975516     0.3132 1.0000e-12     1.1474     89.814     31.087     85.827    26.8297    20.3759    1486.00 0.0000e+00
       1069 149.442211     86.502    11.2875  30.971479     0.3128 1.0000e-12     1.1478     89.841     31.094     85.697    26.8279    20.3750    1485.98 0.0000e+00
       1070 149.442214     86.371    11.2848  30.966093     0.3157 1.0000e-12     1.1488     90.067     31.170     85.567    26.8248    20.3730    1485.97 0.0000e+00
       1071 149.442216     86.240    11.2816  30.960455     0.3091 1.0000e-12     1.1497     90.215     31.219     85.437    26.8218    20.3712    1485.95 0.0000e+00
