CTD_data_day1/sbe55_sbe19p_5262_20260529_re5b_1m.cnv
* Sea-Bird SBE 19plus Data File:
* FileName = C:\Data\sbe55_sbe19p_5262\2026-05-29\sbe55_sbe19p_5262_20260529_re5b065.hex
* Software Version SeatermAF 2.1.4
* Temperature SN = 5262
* Conductivity SN = 5262
* System UpLoad Time = May 29 2026 08:51:31 (localtime) = May 29 2026 08:51:31 (UTC)
* ds
* SeacatPlus V 1.6b  SERIAL NO. 5262    29 May 2026  08:51:07
# nquan = 15
# nvalues = 155                         
# units = specified
# name 0 = scan: Scan Count
# name 1 = timeJ: Julian Days
# name 2 = prdM: Pressure, Strain Gauge [db]
# name 3 = tv290C: Temperature [ITS-90, deg C]
# name 4 = c0mS/cm: Conductivity [mS/cm]
# name 5 = wetStar: Fluorescence, WET Labs WETstar [mg/m^3]
# name 6 = par: PAR/Irradiance, Biospherical/Licor [umol photons/m^2/sec]
# name 7 = sbeox0V: Oxygen raw, SBE 43 [V]
# name 8 = sbeox0Mm/L: Oxygen, SBE 43 [umol/l], WS = 2
# name 9 = sbeox0PS: Oxygen, SBE 43 [% saturation], WS = 2
# name 10 = depSM: Depth [salt water, m], lat = 56
# name 11 = sal00: Salinity, Practical [PSU]
# name 12 = sigma-é00: Density [sigma-theta, kg/m^3]
# name 13 = svCM: Sound Velocity [Chen-Millero, m/s]
# name 14 = flag: flag
# span 0 =        318,       1403       
# span 1 = 149.358905, 149.362044       
# span 2 =      1.000,     78.000       
# span 3 =     9.6670,    11.2233       
# span 4 =  27.588528,  30.882256       
# span 5 =     0.2337,     1.6673       
# span 6 = -5.246e-05, 1.3280e+02       
# span 7 =     1.1811,     2.0595       
# span 8 =     93.582,    221.709       
# span 9 =     32.314,     74.756       
# span 10 =      0.991,     77.276      
# span 11 =    24.1267,    26.8018      
# span 12 =    18.3452,    20.3697      
# span 13 =    1476.24,    1485.57      
# span 14 = 0.0000e+00, 0.0000e+00      
# interval = decibars: 1                
# start_time = May 29 2026 08:35:30 [Instrument's time stamp, header]
# bad_flag = -9.990e-29
*END*
[from data line 97]
       1002 149.360882     58.000    10.6601  29.819455     0.5893 2.1248e-06     1.9792    209.463     71.220     57.464    26.1808    19.9743    1482.48 0.0000e+00
       1009 149.360902     57.000    10.6358  29.788736     0.5362 2.4267e-06     1.9770    209.519     71.196     56.473    26.1687    19.9688    1482.37 0.0000e+00
       1015 149.360921     56.000    10.6130  29.763363     0.5134 1.1056e-05     1.9764    209.692     71.216     55.483    26.1608    19.9662    1482.26 0.0000e+00
       1022 149.360941     55.000    10.5989  29.747853     0.4914 8.4038e-06     1.9760    209.804     71.229     54.492    26.1562    19.9648    1482.18 0.0000e+00
       1029 149.360960     54.000    10.5914  29.739453     0.4841 3.2002e-07     1.9784    211.016     71.628     53.502    26.1537    19.9641    1482.14 0.0000e+00
       1035 149.360979     53.000    10.5915  29.734532     0.4909 9.5354e-06     1.9841    212.378     72.088     52.511    26.1492    19.9605    1482.12 0.0000e+00
       1042 149.360998     52.000    10.5940  29.725005     0.4960 1.2546e-05     1.9920    213.702     72.537     51.520    26.1386    19.9519    1482.09 0.0000e+00
       1048 149.361017     51.000    10.5859  29.706997     0.4847 1.1994e-07     2.0008    215.234     73.039     50.530    26.1273    19.9443    1482.04 0.0000e+00
       1055 149.361036     50.000    10.5901  29.709387     0.5032 1.2549e-05     2.0094    216.241     73.387     49.539    26.1269    19.9434    1482.03 0.0000e+00
       1061 149.361054     49.000    10.5974  29.700138     0.5120 2.6103e-06     2.0172    217.182     73.712     48.548    26.1131    19.9314    1482.03 0.0000e+00
       1068 149.361073     48.000    10.5850  29.669402     0.5062 8.3412e-06     2.0245    218.101     73.994     47.558    26.0925    19.9174    1481.94 0.0000e+00
       1074 149.361092     47.000    10.5734  29.647902     0.5073 1.8512e-08     2.0303    218.527     74.114     46.567    26.0802    19.9097    1481.87 0.0000e+00
       1081 149.361111     46.000    10.5747  29.642369     0.5040 4.3011e-06     2.0344    218.941     74.253     45.576    26.0744    19.9049    1481.85 0.0000e+00
       1088 149.361131     45.000    10.5708  29.627138     0.5113 4.1521e-06     2.0367    218.703     74.161     44.586    26.0627    19.8964    1481.81 0.0000e+00
       1094 149.361150     44.000    10.5642  29.605730     0.5016 9.5971e-06     2.0372    218.780     74.169     43.595    26.0469    19.8852    1481.75 0.0000e+00
       1101 149.361168     43.000    10.5339  29.547718     0.4747 -3.830e-07     2.0393    219.770     74.438     42.604    26.0126    19.8633    1481.58 0.0000e+00
       1107 149.361187     42.000    10.5011  29.501762     0.4569 2.1215e-06     2.0421    220.058     74.472     41.613    25.9917    19.8521    1481.42 0.0000e+00
       1114 149.361205     41.000    10.4811  29.466293     0.4413 -8.487e-09     2.0436    220.339     74.525     40.623    25.9717    19.8397    1481.30 0.0000e+00
       1120 149.361224     40.000    10.4511  29.421182     0.4269 1.6834e-05     2.0458    220.969     74.679     39.632    25.9496    19.8272    1481.15 0.0000e+00
       1126 149.361242     39.000    10.4364  29.402438     0.4279 3.2300e-07     2.0480    220.967     74.650     38.641    25.9422    19.8237    1481.07 0.0000e+00
       1133 149.361261     38.000    10.4419  29.390847     0.4336 4.1248e-06     2.0474    220.536     74.507     37.651    25.9273    19.8113    1481.06 0.0000e+00
       1139 149.361280     37.000    10.4265  29.351495     0.4104 5.5992e-08     2.0473    220.961     74.612     36.660    25.9003    19.7927    1480.95 0.0000e+00
       1146 149.361299     36.000    10.4201  29.342925     0.4065 4.2364e-06     2.0490    221.411     74.752     35.669    25.8969    19.7910    1480.91 0.0000e+00
       1153 149.361319     35.000    10.4352  29.345702     0.4189 1.4361e-05     2.0504    221.292     74.733     34.679    25.8892    19.7827    1480.94 0.0000e+00
       1160 149.361338     34.000    10.4325  29.323463     0.4240 4.8633e-06     2.0503    221.076     74.646     33.688    25.8699    19.7680    1480.89 0.0000e+00
       1166 149.361358     33.000    10.4017  29.283478     0.4035 3.0507e-08     2.0506    221.355     74.682     32.697    25.8532    19.7598    1480.74 0.0000e+00
       1173 149.361378     32.000    10.3866  29.268228     0.3969 2.1916e-06     2.0499    220.894     74.500     31.706    25.8494    19.7592    1480.66 0.0000e+00
       1180 149.361398     31.000    10.3819  29.245172     0.3880 2.0750e-06     2.0470    220.266     74.271     30.716    25.8306    19.7453    1480.61 0.0000e+00
       1187 149.361418     30.000    10.3468  29.185042     0.3630 6.2970e-06     2.0439    220.058     74.128     29.725    25.7972    19.7248    1480.42 0.0000e+00
       1194 149.361438     29.000    10.3040  29.130432     0.3322 8.4063e-06     2.0421    220.480     74.190     28.734    25.7746    19.7138    1480.22 0.0000e+00
       1201 149.361458     28.000    10.2813  29.087694     0.3177 1.4615e-05     2.0423    220.784     74.242     27.743    25.7494    19.6977    1480.09 0.0000e+00
       1208 149.361478     27.000    10.2699  29.054161     0.3150 2.4186e-06     2.0426    221.002     74.286     26.753    25.7251    19.6805    1480.00 0.0000e+00
       1215 149.361499     26.000    10.2650  29.037477     0.3162 6.2659e-06     2.0435    221.168     74.328     25.762    25.7126    19.6715    1479.95 0.0000e+00
       1222 149.361520     25.000    10.2661  29.014425     0.3266 4.1417e-06     2.0443    221.100     74.295     24.771    25.6897    19.6536    1479.91 0.0000e+00
       1230 149.361541     24.000    10.2506  28.968430     0.3134 1.1038e-05     2.0421    220.217     73.958     23.780    25.6561    19.6298    1479.80 0.0000e+00
       1237 149.361562     23.000    10.2240  28.921110     0.2956 5.5652e-03     2.0386    220.052     73.846     22.789    25.6289    19.6127    1479.65 0.0000e+00
       1244 149.361584     22.000    10.2018  28.874962     0.2841 3.1595e-02     2.0364    219.860     73.732     21.799    25.5999    19.5935    1479.52 0.0000e+00
       1252 149.361605     21.000    10.1894  28.826022     0.2787 6.2114e-02     2.0340    219.723     73.647     20.808    25.5612    19.5653    1479.41 0.0000e+00
       1259 149.361626     20.000    10.1819  28.777150     0.2595 1.0035e-01     2.0327    219.685     73.602     19.817    25.5190    19.5336    1479.32 0.0000e+00
       1266 149.361648     19.000    10.1798  28.739565     0.2529 1.5434e-01     2.0310    219.465     73.509     18.826    25.4842    19.5068    1479.25 0.0000e+00
       1274 149.361669     18.000    10.1768  28.684370     0.2521 2.2251e-01     2.0292    218.809     73.260     17.835    25.4326    19.4672    1479.16 0.0000e+00
       1281 149.361690     17.000    10.1642  28.613805     0.2522 3.2789e-01     2.0226    216.909     72.576     16.845    25.3728    19.4226    1479.02 0.0000e+00
       1288 149.361710     16.000    10.1327  28.522375     0.2513 4.5989e-01     2.0113    214.674     71.748     15.854    25.3059    19.3752    1478.81 0.0000e+00
       1295 149.361731     15.000    10.0827  28.414494     0.2543 6.4141e-01     1.9966    212.638     70.957     14.863    25.2355    19.3280    1478.53 0.0000e+00
       1303 149.361752     14.000    10.0180  28.307412     0.2547 8.8762e-01     1.9821    210.856     70.235     13.872    25.1761    19.2914    1478.20 0.0000e+00
       1310 149.361774     13.000     9.9616  28.211867     0.2634 1.2379e+00     1.9658    207.917     69.145     12.881    25.1219    19.2577    1477.91 0.0000e+00
       1317 149.361795     12.000     9.8744  28.069008     0.2664 1.7304e+00     1.9461    206.271     68.429     11.891    25.0426    19.2089    1477.47 0.0000e+00
       1325 149.361817     11.000     9.7868  27.947844     0.2847 2.4154e+00     1.9364    207.142     68.559     10.900    24.9844    19.1765    1477.06 0.0000e+00
       1332 149.361838     10.000     9.7754  27.869670     0.3369 3.3803e+00     1.9304    206.257     68.219      9.909    24.9157    19.1246    1476.92 0.0000e+00
       1340 149.361860      9.000     9.7312  27.755869     0.4063 4.7212e+00     1.9223    204.882     67.662      8.918    24.8345    19.0679    1476.64 0.0000e+00
       1347 149.361881      8.000     9.6897  27.654539     0.5221 6.7927e+00     1.9149    204.958     67.593      7.927    24.7636    19.0187    1476.38 0.0000e+00
       1354 149.361901      7.000     9.7009  27.614822     0.7038 9.7611e+00     1.9135    205.750     67.851      6.936    24.7171    18.9808    1476.35 0.0000e+00
       1361 149.361922      6.000     9.7704  27.643383     0.8773 1.4385e+01     1.9164    206.843     68.309      5.945    24.6979    18.9558    1476.57 0.0000e+00
       1368 149.361942      5.000     9.8521  27.688613     1.0199 2.1521e+01     1.9247    208.772     69.067      4.954    24.6868    18.9351    1476.85 0.0000e+00
       1375 149.361963      4.000     9.9614  27.753947     1.1997 3.3287e+01     1.9394    211.583     70.163      3.964    24.6766    18.9111    1477.22 0.0000e+00
       1384 149.361987      3.000    10.1084  27.843956     1.3656 5.0942e+01     1.9644    215.808     71.794      2.973    24.6648    18.8800    1477.74 0.0000e+00
       1393 149.362015      2.000    10.3464  27.903982     1.5869 7.7555e+01     1.9971    218.870     73.149      1.982    24.5624    18.7645    1478.47 0.0000e+00
       1403 149.362044      1.000    10.5812  27.846209     1.4905 1.3280e+02     2.0142    216.011     72.469      0.991    24.3496    18.5632    1479.06 0.0000e+00
