CTD_data_day1/sbe55_sbe19p_5262_20260529_re6.cnv
* Sea-Bird SBE 19plus Data File:
* FileName = C:\Data\sbe55_sbe19p_5262\2026-05-29\sbe55_sbe19p_5262_20260529_re6068.hex
* Software Version SeatermAF 2.1.4
* Temperature SN = 5262
* Conductivity SN = 5262
* System UpLoad Time = May 29 2026 11:42:05 (localtime) = May 29 2026 11:42:05 (UTC)
* ds
* SeacatPlus V 1.6b  SERIAL NO. 5262    29 May 2026  11:41:12
# nquan = 15                                
# nvalues = 1054                        
# units = specified
# name 0 = scan: Scan Count
# name 1 = timeJ: Julian Days
# name 2 = prdM: Pressure, Strain Gauge [db]
# name 3 = tv290C: Temperature [ITS-90, deg C]
# name 4 = c0mS/cm: Conductivity [mS/cm]
# name 5 = wetStar: Fluorescence, WET Labs WETstar [mg/m^3]
# name 6 = par: PAR/Irradiance, Biospherical/Licor [umol photons/m^2/sec]
# name 7 = sbeox0V: Oxygen raw, SBE 43 [V]
# name 8 = sbeox0Mm/L: Oxygen, SBE 43 [umol/l], WS = 2
# name 9 = sbeox0PS: Oxygen, SBE 43 [% saturation], WS = 2
# name 10 = depSM: Depth [salt water, m], lat = 56
# name 11 = sal00: Salinity, Practical [PSU]
# name 12 = sigma-é00: Density [sigma-theta, kg/m^3]
# name 13 = svCM: Sound Velocity [Chen-Millero, m/s]
# name 14 = flag: flag
# span 0 =        301,       1354       
# span 1 = 149.482164, 149.485211       
# span 2 =     -0.107,     51.693       
# span 3 =    10.2677,    11.5343       
# span 4 =   2.596399,  31.248272       
# span 5 =     0.0244,     2.5483       
# span 6 = 1.0000e-12, 2.2779e+02       
# span 7 =     1.9082,     2.1804       
# span 8 =    200.649,    236.058       
# span 9 =     66.212,     81.276       
# span 10 =     -0.106,     51.216      
# span 11 =     1.8592,    27.5035      
# span 12 =     1.0296,    21.0570      
# span 13 =    1454.62,    1484.94      
# span 14 = 0.0000e+00, 0.0000e+00      
# interval = seconds: 0.25
# start_time = May 29 2026 11:33:04 [Instrument's time stamp, header]
# bad_flag = -9.990e-29
*END*
[from data line 193]
        494 149.482723      0.882    11.4740  28.355030     2.2113 7.5722e+01     2.1311    228.737     78.199      0.874    24.2449    18.3402    1482.16 -9.990e-29
        495 149.482726      0.882    11.4741  28.355884     2.2290 8.0289e+01     2.1308    228.542     78.132      0.874    24.2456    18.3407    1482.16 -9.990e-29
        496 149.482729      0.881    11.4741  28.357470     2.2170 7.7705e+01     2.1313    228.688     78.183      0.873    24.2471    18.3419    1482.16 -9.990e-29
        497 149.482731      0.881    11.4738  28.359610     2.1989 7.7855e+01     2.1315    228.695     78.186      0.873    24.2493    18.3437    1482.16 -9.990e-29
        498 149.482734      0.881    11.4733  28.361750     2.2512 7.9488e+01     2.1306    228.545     78.135      0.873    24.2517    18.3456    1482.16 -9.990e-29
        499 149.482737      0.881    11.4725  28.363498     2.2195 7.6998e+01     2.1295    228.362     78.072      0.873    24.2538    18.3474    1482.16 -9.990e-29
        500 149.482740      0.881    11.4717  28.364454     2.2376 7.7201e+01     2.1306    228.510     78.122      0.873    24.2553    18.3486    1482.16 -9.990e-29
        501 149.482743      0.882    11.4710  28.364397     2.1989 8.0444e+01     2.1308    228.561     78.139      0.874    24.2557    18.3490    1482.16 -9.990e-29
        502 149.482746      0.882    11.4706  28.363781     2.2076 7.5191e+01     2.1306    228.656     78.170      0.874    24.2554    18.3488    1482.16 -9.990e-29
        503 149.482749      0.883    11.4704  28.363338     2.2595 7.7432e+01     2.1300    228.619     78.157      0.875    24.2551    18.3487    1482.15 -9.990e-29
        504 149.482752      0.883    11.4705  28.363563     2.2298 7.7951e+01     2.1303    228.610     78.154      0.875    24.2552    18.3487    1482.15 -9.990e-29
        505 149.482755      0.884    11.4706  28.364426     2.2512 7.7582e+01     2.1299    228.617     78.157      0.876    24.2560    18.3493    1482.16 -9.990e-29
        506 149.482758      0.884    11.4707  28.365872     2.2096 7.7011e+01     2.1305    228.847     78.237      0.876    24.2573    18.3503    1482.16 -9.990e-29
        507 149.482760      0.884    11.4707  28.367764     2.2516 7.6096e+01     2.1305    228.932     78.267      0.876    24.2590    18.3517    1482.16 -9.990e-29
        508 149.482763      0.884    11.4704  28.369358     2.1746 7.5989e+01     2.1307    228.987     78.286      0.876    24.2607    18.3530    1482.16 -9.990e-29
        509 149.482766      0.884    11.4700  28.370052     2.1882 7.7842e+01     2.1310    228.999     78.289      0.876    24.2616    18.3538    1482.16 -9.990e-29
        510 149.482769      0.885    11.4696  28.369873     2.1758 7.8861e+01     2.1318    229.010     78.293      0.877    24.2617    18.3540    1482.16 -9.990e-29
        511 149.482772      0.885    11.4696  28.369022     2.2187 7.7596e+01     2.1316    228.872     78.245      0.877    24.2609    18.3533    1482.16 -9.990e-29
        512 149.482775      0.885    11.4700  28.367616     2.2261 7.6889e+01     2.1319    228.757     78.206      0.877    24.2594    18.3520    1482.16 -9.990e-29
        513 149.482778      0.886    11.4705  28.366015     2.1964 7.7242e+01     2.1313    228.525     78.127      0.878    24.2575    18.3505    1482.16 -9.990e-29
        514 149.482781      0.886    11.4712  28.364749     2.1594 8.0770e+01     2.1312    228.478     78.111      0.878    24.2559    18.3491    1482.16 -9.990e-29
        515 149.482784      0.886    11.4719  28.363813     2.2413 7.6256e+01     2.1307    228.463     78.106      0.878    24.2545    18.3480    1482.16 -9.990e-29
        516 149.482786      0.886    11.4726  28.362815     2.1750 7.8557e+01     2.1302    228.533     78.130      0.878    24.2531    18.3468    1482.16 -9.990e-29
        517 149.482789      0.886    11.4733  28.361518     2.2129 8.0742e+01     2.1300    228.588     78.150      0.878    24.2515    18.3454    1482.16 -9.990e-29
        518 149.482792      0.886    11.4742  28.360013     2.2203 7.7133e+01     2.1308    228.753     78.207      0.878    24.2494    18.3437    1482.16 -9.990e-29
        519 149.482795      0.885    11.4752  28.358583     2.1878 7.7419e+01     2.1308    228.776     78.215      0.877    24.2474    18.3420    1482.16 -9.990e-29
        520 149.482798      0.884    11.4763  28.357372     2.2665 7.9572e+01     2.1318    228.901     78.259      0.876    24.2456    18.3403    1482.16 -9.990e-29
        521 149.482801      0.883    11.4772  28.356359     2.2327 8.1800e+01     2.1308    228.767     78.214      0.875    24.2440    18.3390    1482.17 -9.990e-29
        522 149.482804      0.882    11.4778  28.355794     2.2170 7.5098e+01     2.1309    228.732     78.203      0.874    24.2431    18.3382    1482.17 -9.990e-29
        523 149.482807      0.881    11.4783  28.356286     2.2385 8.0120e+01     2.1306    228.619     78.165      0.873    24.2433    18.3382    1482.17 -9.990e-29
        524 149.482810      0.881    11.4783  28.358032     2.2430 8.2493e+01     2.1306    228.486     78.120      0.873    24.2449    18.3395    1482.17 -9.990e-29
        525 149.482812      0.880    11.4777  28.360373     2.2010 7.7242e+01     2.1315    228.631     78.170      0.872    24.2475    18.3416    1482.17 -9.990e-29
        526 149.482815      0.880    11.4764  28.362742     2.2030 7.8488e+01     2.1314    228.570     78.148      0.872    24.2506    18.3442    1482.17 -9.990e-29
        527 149.482818      0.880    11.4748  28.365468     2.2372 8.0261e+01     2.1305    228.366     78.078      0.872    24.2542    18.3473    1482.17 -9.990e-29
        528 149.482821      0.879    11.4731  28.368577     2.2689 8.0091e+01     2.1297    228.207     78.022      0.871    24.2582    18.3507    1482.17 -9.990e-29
        529 149.482824      0.879    11.4713  28.371184     2.1536 7.9348e+01     2.1299    228.213     78.023      0.871    24.2619    18.3538    1482.17 -9.990e-29
        530 149.482827      0.880    11.4698  28.372930     2.1779 7.7897e+01     2.1299    228.320     78.058      0.872    24.2645    18.3561    1482.16 -9.990e-29
        531 149.482830      0.880    11.4687  28.374297     2.2076 7.9908e+01     2.1292    228.346     78.067      0.872    24.2665    18.3578    1482.16 -9.990e-29
        532 149.482833      0.879    11.4679  28.375559     2.1754 8.1886e+01     2.1295    228.476     78.110      0.871    24.2682    18.3592    1482.16 -9.990e-29
        533 149.482836      0.879    11.4674  28.376821     2.2022 7.6122e+01     2.1295    228.510     78.122      0.871    24.2697    18.3605    1482.16 -9.990e-29
        534 149.482839      0.878    11.4670  28.378282     2.1725 8.2203e+01     2.1296    228.567     78.142      0.870    24.2714    18.3618    1482.16 -9.990e-29
        535 149.482841      0.878    11.4665  28.379881     2.2006 8.0444e+01     2.1295    228.631     78.164      0.870    24.2732    18.3633    1482.16 -9.990e-29
        536 149.482844      0.877    11.4658  28.381402     2.1832 8.0359e+01     2.1297    228.650     78.170      0.869    24.2751    18.3649    1482.16 -9.990e-29
        537 149.482847      0.878    11.4651  28.382900     2.2162 8.0190e+01     2.1299    228.630     78.163      0.870    24.2770    18.3665    1482.16 -9.990e-29
        538 149.482850      0.879    11.4644  28.384808     2.1647 7.8061e+01     2.1298    228.627     78.162      0.871    24.2792    18.3683    1482.16 -9.990e-29
        539 149.482853      0.880    11.4636  28.387043     2.1940 8.3119e+01     2.1302    228.665     78.175      0.872    24.2818    18.3705    1482.16 -9.990e-29
        540 149.482856      0.882    11.4625  28.388797     2.1594 7.6943e+01     2.1301    228.685     78.181      0.874    24.2842    18.3725    1482.16 -9.990e-29
        541 149.482859      0.885    11.4617  28.389772     2.2195 7.8502e+01     2.1295    228.562     78.138      0.877    24.2857    18.3738    1482.16 -9.990e-29
        542 149.482862      0.887    11.4611  28.390043     2.1412 8.0543e+01     2.1302    228.580     78.144      0.879    24.2863    18.3744    1482.16 -9.990e-29
        543 149.482865      0.890    11.4610  28.389661     2.1713 7.9153e+01     2.1299    228.460     78.102      0.882    24.2860    18.3742    1482.16 -9.990e-29
        544 149.482867      0.893    11.4612  28.388696     2.1816 7.9838e+01     2.1307    228.491     78.113      0.885    24.2850    18.3733    1482.16 -9.990e-29
        545 149.482870      0.897    11.4617  28.387290     2.1655 8.0884e+01     2.1299    228.260     78.034      0.889    24.2833    18.3720    1482.16 -9.990e-29
        546 149.482873      0.901    11.4624  28.385663     2.1948 7.7201e+01     2.1292    227.960     77.931      0.893    24.2813    18.3703    1482.16 -9.990e-29
        547 149.482876      0.906    11.4630  28.384137     2.2397 7.5735e+01     2.1292    227.853     77.895      0.898    24.2795    18.3688    1482.16 -9.990e-29
        548 149.482879      0.913    11.4637  28.383374     2.1981 8.3148e+01     2.1285    227.631     77.819      0.905    24.2783    18.3678    1482.16 -9.990e-29
        549 149.482882      0.921    11.4644  28.383895     2.2376 8.0841e+01     2.1278    227.551     77.793      0.913    24.2783    18.3677    1482.16 -9.990e-29
        550 149.482885      0.931    11.4648  28.385778     2.3040 7.4651e+01     2.1270    227.472     77.768      0.923    24.2798    18.3688    1482.16 -9.990e-29
        551 149.482888      0.944    11.4646  28.389395     2.2978 8.1771e+01     2.1266    227.426     77.753      0.935    24.2834    18.3715    1482.17 -9.990e-29
        552 149.482891      0.961    11.4638  28.395708     2.2953 7.9670e+01     2.1259    227.426     77.755      0.952    24.2898    18.3767    1482.17 -9.990e-29
        553 149.482894      0.982    11.4620  28.405966     2.2706 7.8723e+01     2.1256    227.480     77.776      0.973    24.3007    18.3854    1482.18 -9.990e-29
        554 149.482896      1.008    11.4587  28.421412     2.2990 7.7350e+01     2.1255    227.694     77.852      0.999    24.3174    18.3988    1482.19 0.0000e+00
        555 149.482899      1.042    11.4535  28.442166     2.2953 7.8006e+01     2.1250    227.705     77.858      1.033    24.3403    18.4175    1482.20 0.0000e+00
        556 149.482902      1.084    11.4463  28.468269     2.2681 7.9125e+01     2.1250    227.750     77.876      1.074    24.3697    18.4414    1482.21 0.0000e+00
        557 149.482905      1.135    11.4373  28.503008     2.2347 7.1616e+01     2.1248    227.667     77.851      1.125    24.4083    18.4728    1482.22 0.0000e+00
        558 149.482908      1.194    11.4261  28.551723     2.1697 6.8583e+01     2.1263    227.882     77.932      1.183    24.4616    18.5159    1482.25 0.0000e+00
        559 149.482911      1.261    11.4116  28.614078     2.1054 6.5898e+01     2.1252    227.746     77.895      1.250    24.5301    18.5713    1482.28 0.0000e+00
        560 149.482914      1.335    11.3930  28.680249     2.0287 6.3587e+01     2.1248    227.663     77.872      1.323    24.6049    18.6324    1482.30 0.0000e+00
        561 149.482917      1.417    11.3716  28.739525     1.9785 6.0765e+01     2.1241    227.579     77.842      1.404    24.6751    18.6903    1482.31 0.0000e+00
        562 149.482920      1.505    11.3497  28.788379     1.9278 5.6457e+01     2.1248    227.690     77.872      1.491    24.7359    18.7410    1482.31 0.0000e+00
        563 149.482922      1.600    11.3294  28.830067     1.8924 5.2113e+01     2.1250    227.889     77.932      1.585    24.7890    18.7854    1482.30 0.0000e+00
        564 149.482925      1.700    11.3115  28.866593     1.8479 4.8460e+01     2.1248    227.964     77.951      1.685    24.8356    18.8245    1482.29 0.0000e+00
        565 149.482928      1.803    11.2960  28.894385     1.8376 4.6317e+01     2.1250    227.967     77.944      1.787    24.8723    18.8555    1482.28 0.0000e+00
        566 149.482931      1.910    11.2834  28.912373     1.7902 4.3781e+01     2.1250    227.912     77.916      1.893    24.8978    18.8773    1482.27 0.0000e+00
        567 149.482934      2.019    11.2739  28.923816     1.7531 4.1143e+01     2.1250    227.890     77.901      2.001    24.9150    18.8922    1482.26 0.0000e+00
        568 149.482937      2.130    11.2673  28.931533     1.7861 3.8637e+01     2.1253    228.046     77.949      2.111    24.9268    18.9024    1482.25 0.0000e+00
        569 149.482940      2.244    11.2628  28.937109     1.7465 3.5568e+01     2.1243    227.837     77.874      2.224    24.9351    18.9095    1482.25 0.0000e+00
        570 149.482943      2.359    11.2597  28.941502     1.7498 3.2980e+01     2.1247    227.893     77.891      2.338    24.9413    18.9149    1482.25 0.0000e+00
        571 149.482946      2.476    11.2574  28.945653     1.7700 3.0937e+01     2.1244    227.824     77.866      2.453    24.9467    18.9195    1482.25 0.0000e+00
        572 149.482948      2.594    11.2556  28.950121     1.7572 2.9149e+01     2.1257    227.990     77.923      2.570    24.9522    18.9240    1482.25 0.0000e+00
        573 149.482951      2.712    11.2539  28.954395     1.7301 2.7396e+01     2.1241    227.788     77.853      2.687    24.9573    18.9283    1482.25 0.0000e+00
        574 149.482954      2.832    11.2523  28.957520     1.7515 2.5889e+01     2.1245    227.769     77.846      2.806    24.9613    18.9316    1482.25 0.0000e+00
        575 149.482957      2.953    11.2509  28.959443     1.7457 2.4314e+01     2.1241    227.678     77.814      2.926    24.9641    18.9340    1482.25 0.0000e+00
        576 149.482960      3.075    11.2498  28.961321     1.7618 2.2875e+01     2.1240    227.650     77.804      3.047    24.9665    18.9361    1482.25 0.0000e+00
        577 149.482963      3.198    11.2489  28.964569     1.7453 2.2239e+01     2.1239    227.766     77.844      3.169    24.9702    18.9391    1482.25 0.0000e+00
        578 149.482966      3.323    11.2478  28.970105     1.7395 2.0963e+01     2.1236    227.647     77.804      3.293    24.9762    18.9439    1482.26 0.0000e+00
        579 149.482969      3.449    11.2460  28.977885     1.7445 1.9798e+01     2.1234    227.606     77.791      3.418    24.9847    18.9508    1482.27 0.0000e+00
        580 149.482972      3.576    11.2432  28.986783     1.7329 1.8629e+01     2.1237    227.628     77.799      3.543    24.9950    18.9592    1482.27 0.0000e+00
        581 149.482975      3.706    11.2397  28.995684     1.7156 1.7513e+01     2.1236    227.508     77.757      3.672    25.0058    18.9682    1482.27 0.0000e+00
        582 149.482977      3.836    11.2356  29.004405     1.6658 1.6513e+01     2.1227    227.370     77.709      3.801    25.0168    18.9774    1482.27 0.0000e+00
        583 149.482980      3.969    11.2314  29.012964     1.6967 1.5548e+01     2.1226    227.326     77.692      3.933    25.0278    18.9866    1482.27 0.0000e+00
        584 149.482983      4.102    11.2272  29.021473     1.6963 1.4636e+01     2.1225    227.190     77.644      4.065    25.0387    18.9957    1482.27 0.0000e+00
        585 149.482986      4.237    11.2230  29.030547     1.6526 1.3741e+01     2.1212    227.016     77.583      4.198    25.0501    19.0052    1482.27 0.0000e+00
        586 149.482989      4.372    11.2188  29.040172     1.6353 1.2935e+01     2.1217    227.163     77.632      4.332    25.0621    19.0152    1482.28 0.0000e+00
        587 149.482992      4.508    11.2144  29.050751     1.6460 1.2180e+01     2.1213    227.071     77.599      4.467    25.0751    19.0260    1482.28 0.0000e+00
        588 149.482995      4.644    11.2101  29.064705     1.6357 1.1647e+01     2.1199    226.826     77.517      4.602    25.0912    19.0392    1482.28 0.0000e+00
        589 149.482998      4.779    11.2053  29.083485     1.6662 1.1178e+01     2.1202    226.831     77.520      4.735    25.1123    19.0564    1482.29 0.0000e+00
