CTD_data_day2/sbe55_sbe19p_5262_20260601_re7.cnv
* Sea-Bird SBE 19plus Data File:
* FileName = C:\Data\sbe55_sbe19p_5262\2026-06-01\sbe55_sbe19p_5262_20260601_re7072.hex
* Software Version SeatermAF 2.1.4
* Temperature SN = 5262
* Conductivity SN = 5262
* System UpLoad Time = Jun 01 2026 13:37:23 (localtime) = Jun 01 2026 13:37:23 (UTC)
* ds
* SeacatPlus V 1.6b  SERIAL NO. 5262    01 Jun 2026  13:36:26
# nquan = 15                                
# nvalues = 1074                        
# units = specified
# name 0 = scan: Scan Count
# name 1 = timeJ: Julian Days
# name 2 = prdM: Pressure, Strain Gauge [db]
# name 3 = tv290C: Temperature [ITS-90, deg C]
# name 4 = c0mS/cm: Conductivity [mS/cm]
# name 5 = wetStar: Fluorescence, WET Labs WETstar [mg/m^3]
# name 6 = par: PAR/Irradiance, Biospherical/Licor [umol photons/m^2/sec]
# name 7 = sbeox0V: Oxygen raw, SBE 43 [V]
# name 8 = sbeox0Mm/L: Oxygen, SBE 43 [umol/l], WS = 2
# name 9 = sbeox0PS: Oxygen, SBE 43 [% saturation], WS = 2
# name 10 = depSM: Depth [salt water, m], lat = 56
# name 11 = sal00: Salinity, Practical [PSU]
# name 12 = sigma-é00: Density [sigma-theta, kg/m^3]
# name 13 = svCM: Sound Velocity [Chen-Millero, m/s]
# name 14 = flag: flag
# span 0 =        301,       1374       
# span 1 = 152.518727, 152.521832       
# span 2 =     -0.224,     54.511       
# span 3 =    11.1015,    12.1797       
# span 4 =   2.791448,  31.786855       
# span 5 =     0.0215,     4.1645       
# span 6 = 1.0000e-12, 4.1715e+02       
# span 7 =     1.9792,     2.1912       
# span 8 =    207.890,    240.451       
# span 9 =     69.791,     81.416       
# span 10 =     -0.222,     54.008      
# span 11 =     1.9951,    27.6614      
# span 12 =     1.1099,    21.0350      
# span 13 =    1455.66,    1486.29      
# span 14 = 0.0000e+00, 0.0000e+00      
# interval = seconds: 0.25
# start_time = Jun 01 2026 12:25:43 [Instrument's time stamp, header]
# bad_flag = -9.990e-29
*END*
[from data line 97]
        398 152.519008      0.689    11.9803  25.263708     3.8308 1.6364e+02     2.1825    237.302     80.394      0.683    21.0677    15.7993    1480.17 -9.990e-29
        399 152.519010      0.692    11.9701  25.308993     3.7698 1.7159e+02     2.1824    236.924     80.272      0.686    21.1149    15.8374    1480.19 -9.990e-29
        400 152.519013      0.695    11.9602  25.338671     3.8296 1.8650e+02     2.1810    236.475     80.120      0.689    21.1477    15.8644    1480.20 -9.990e-29
        401 152.519016      0.700    11.9523  25.368727     3.7492 1.7630e+02     2.1801    236.047     79.977      0.694    21.1797    15.8904    1480.21 -9.990e-29
        402 152.519019      0.706    11.9461  25.397849     3.8325 1.8490e+02     2.1781    235.498     79.795      0.700    21.2099    15.9147    1480.22 -9.990e-29
        403 152.519022      0.714    11.9409  25.411600     3.8226 1.8739e+02     2.1753    234.998     79.625      0.708    21.2254    15.9276    1480.22 -9.990e-29
        404 152.519025      0.725    11.9373  25.413250     3.8634 1.6967e+02     2.1747    234.961     79.608      0.718    21.2290    15.9309    1480.21 -9.990e-29
        405 152.519028      0.738    11.9353  25.427017     3.8683 1.7362e+02     2.1730    234.780     79.550      0.731    21.2427    15.9419    1480.22 -9.990e-29
        406 152.519031      0.756    11.9334  25.471820     3.9214 2.0227e+02     2.1711    234.644     79.522      0.749    21.2849    15.9748    1480.27 -9.990e-29
        407 152.519034      0.778    11.9290  25.543514     3.8770 1.8798e+02     2.1702    234.577     79.525      0.771    21.3531    16.0283    1480.33 -9.990e-29
        408 152.519036      0.806    11.9206  25.626844     3.9149 1.5910e+02     2.1689    234.282     79.452      0.799    21.4344    16.0925    1480.40 0.0000e+00
        409 152.519039      0.840    11.9084  25.722567     3.9911 1.7936e+02     2.1677    234.011     79.386      0.832    21.5293    16.1678    1480.47 0.0000e+00
        410 152.519042      0.880    11.8935  25.850483     3.9865 1.7414e+02     2.1669    233.716     79.324      0.872    21.6555    16.2678    1480.57 0.0000e+00
        411 152.519045      0.924    11.8752  26.038949     3.9750 1.4413e+02     2.1655    233.197     79.208      0.916    21.8396    16.4132    1480.72 0.0000e+00
        412 152.519048      0.974    11.8505  26.325500     3.9911 1.3577e+02     2.1638    232.407     79.036      0.965    22.1184    16.6327    1480.96 0.0000e+00
        413 152.519051      1.030    11.8151  26.692859     3.9931 1.4001e+02     2.1618    231.444     78.827      1.021    22.4790    16.9175    1481.27 0.0000e+00
        414 152.519054      1.091    11.7684  27.042234     4.0689 1.4110e+02     2.1601    230.557     78.620      1.081    22.8312    17.1976    1481.52 0.0000e+00
        415 152.519057      1.157    11.7174  27.311116     4.1645 1.3271e+02     2.1584    229.866     78.437      1.146    23.1125    17.4236    1481.68 0.0000e+00
        416 152.519060      1.228    11.6716  27.510916     4.0603 1.2448e+02     2.1549    229.100     78.204      1.217    23.3272    17.5973    1481.77 0.0000e+00
        417 152.519062      1.302    11.6358  27.669821     3.9927 1.1313e+02     2.1519    228.515     78.028      1.290    23.4981    17.7354    1481.85 0.0000e+00
        418 152.519065      1.380    11.6097  27.808850     4.0525 1.1055e+02     2.1487    227.905     77.848      1.367    23.6446    17.8531    1481.93 0.0000e+00
        419 152.519068      1.462    11.5915  27.940743     4.0661 1.0626e+02     2.1458    227.485     77.740      1.449    23.7797    17.9606    1482.03 0.0000e+00
        420 152.519071      1.548    11.5786  28.082894     4.0619 9.7766e+01     2.1436    227.383     77.753      1.534    23.9211    18.0723    1482.15 0.0000e+00
        421 152.519074      1.638    11.5693  28.257329     3.9486 8.7622e+01     2.1414    227.197     77.757      1.623    24.0908    18.2052    1482.32 0.0000e+00
        422 152.519077      1.731    11.5618  28.455170     3.8353 8.7884e+01     2.1385    226.944     77.751      1.715    24.2814    18.3541    1482.53 0.0000e+00
        423 152.519080      1.828    11.5546  28.637119     3.6285 8.1800e+01     2.1368    226.885     77.805      1.811    24.4572    18.4914    1482.71 0.0000e+00
        424 152.519083      1.928    11.5462  28.788811     3.6269 7.6458e+01     2.1361    226.999     77.903      1.910    24.6055    18.6076    1482.86 0.0000e+00
        425 152.519086      2.032    11.5355  28.921986     3.5037 7.0976e+01     2.1346    226.996     77.949      2.013    24.7380    18.7121    1482.98 0.0000e+00
        426 152.519089      2.139    11.5211  29.046802     3.4246 6.5529e+01     2.1341    227.102     78.024      2.120    24.8653    18.8131    1483.08 0.0000e+00
        427 152.519091      2.249    11.5020  29.163618     3.2771 6.3408e+01     2.1337    227.156     78.071      2.229    24.9883    18.9115    1483.17 0.0000e+00
        428 152.519094      2.361    11.4777  29.271309     3.0863 5.7906e+01     2.1334    227.249     78.120      2.340    25.1064    19.0071    1483.22 0.0000e+00
        429 152.519097      2.474    11.4496  29.373008     2.9257 5.5737e+01     2.1326    227.280     78.141      2.451    25.2217    19.1011    1483.26 0.0000e+00
        430 152.519100      2.590    11.4197  29.463459     2.7852 5.3038e+01     2.1319    227.302     78.150      2.566    25.3277    19.1882    1483.28 0.0000e+00
        431 152.519103      2.706    11.3906  29.537624     2.6154 4.9355e+01     2.1320    227.426     78.188      2.681    25.4179    19.2629    1483.29 0.0000e+00
        432 152.519106      2.823    11.3650  29.599480     2.5281 4.6374e+01     2.1324    227.606     78.244      2.797    25.4942    19.3263    1483.29 0.0000e+00
        433 152.519109      2.941    11.3442  29.655209     2.4671 4.2677e+01     2.1320    227.612     78.245      2.914    25.5615    19.3819    1483.30 0.0000e+00
        434 152.519112      3.060    11.3280  29.713059     2.3538 3.9867e+01     2.1323    227.668     78.269      3.032    25.6276    19.4358    1483.32 0.0000e+00
        435 152.519115      3.179    11.3157  29.780249     2.2533 3.7418e+01     2.1320    227.605     78.262      3.150    25.7001    19.4940    1483.37 0.0000e+00
        436 152.519117      3.298    11.3065  29.851285     2.1725 3.5213e+01     2.1321    227.582     78.276      3.268    25.7741    19.5529    1483.42 0.0000e+00
        437 152.519120      3.417    11.2996  29.911584     2.1622 3.3336e+01     2.1315    227.545     78.282      3.386    25.8363    19.6023    1483.48 0.0000e+00
        438 152.519123      3.536    11.2948  29.955633     2.0448 3.1721e+01     2.1317    227.618     78.321      3.504    25.8816    19.6382    1483.52 0.0000e+00
        439 152.519126      3.655    11.2918  29.987548     1.9690 3.0135e+01     2.1323    227.847     78.411      3.622    25.9141    19.6639    1483.55 0.0000e+00
        440 152.519129      3.774    11.2901  30.011691     1.9509 2.8283e+01     2.1323    227.942     78.453      3.740    25.9382    19.6829    1483.57 0.0000e+00
        441 152.519132      3.893    11.2893  30.030595     1.8862 2.7213e+01     2.1328    228.164     78.537      3.858    25.9568    19.6975    1483.59 0.0000e+00
        442 152.519135      4.011    11.2891  30.045771     1.8293 2.6003e+01     2.1332    228.332     78.602      3.974    25.9713    19.7088    1483.61 0.0000e+00
        443 152.519138      4.130    11.2892  30.059084     1.8701 2.4957e+01     2.1342    228.567     78.689      4.092    25.9839    19.7185    1483.63 0.0000e+00
        444 152.519141      4.250    11.2897  30.072777     1.8903 2.3659e+01     2.1344    228.697     78.741      4.211    25.9966    19.7283    1483.65 0.0000e+00
        445 152.519144      4.370    11.2906  30.088653     1.8578 2.2333e+01     2.1355    228.841     78.800      4.330    26.0111    19.7394    1483.67 0.0000e+00
        446 152.519146      4.491    11.2918  30.108404     1.7984 2.1268e+01     2.1366    229.064     78.887      4.450    26.0290    19.7531    1483.70 0.0000e+00
        447 152.519149      4.612    11.2937  30.134676     1.8219 2.0236e+01     2.1374    229.021     78.888      4.570    26.0527    19.7711    1483.73 0.0000e+00
        448 152.519152      4.732    11.2962  30.169509     1.7585 1.9095e+01     2.1382    229.036     78.913      4.689    26.0841    19.7951    1483.78 0.0000e+00
        449 152.519155      4.851    11.2997  30.213495     1.7128 1.8754e+01     2.1384    228.918     78.898      4.807    26.1236    19.8251    1483.84 0.0000e+00
        450 152.519158      4.971    11.3044  30.261093     1.6559 1.8255e+01     2.1403    229.104     78.991      4.926    26.1656    19.8570    1483.91 0.0000e+00
        451 152.519161      5.090    11.3101  30.301256     1.6740 1.7476e+01     2.1392    228.919     78.954      5.044    26.1999    19.8826    1483.98 0.0000e+00
        452 152.519164      5.209    11.3159  30.330389     1.6332 1.6155e+01     2.1403    229.088     79.034      5.162    26.2235    19.8999    1484.03 0.0000e+00
        453 152.519167      5.328    11.3209  30.351527     1.7601 1.5697e+01     2.1412    229.223     79.098      5.279    26.2401    19.9120    1484.07 0.0000e+00
        454 152.519170      5.448    11.3250  30.366824     1.6427 1.4876e+01     2.1424    229.336     79.150      5.398    26.2518    19.9203    1484.10 0.0000e+00
        455 152.519172      5.568    11.3281  30.378001     1.6365 1.4289e+01     2.1433    229.498     79.215      5.517    26.2602    19.9263    1484.12 0.0000e+00
        456 152.519175      5.689    11.3304  30.387280     1.6427 1.3477e+01     2.1443    229.484     79.217      5.637    26.2674    19.9315    1484.14 0.0000e+00
        457 152.519178      5.810    11.3321  30.396994     1.6110 1.2903e+01     2.1448    229.382     79.189      5.757    26.2754    19.9375    1484.16 0.0000e+00
        458 152.519181      5.932    11.3336  30.408951     1.5962 1.2306e+01     2.1453    229.276     79.160      5.878    26.2857    19.9452    1484.18 0.0000e+00
        459 152.519184      6.053    11.3351  30.422353     1.6501 1.1651e+01     2.1456    229.140     79.122      5.998    26.2974    19.9540    1484.20 0.0000e+00
        460 152.519187      6.175    11.3367  30.434245     1.6394 1.1210e+01     2.1460    229.068     79.105      6.119    26.3075    19.9616    1484.22 0.0000e+00
        461 152.519190      6.297    11.3382  30.444252     1.6913 1.0786e+01     2.1461    229.053     79.107      6.240    26.3160    19.9679    1484.24 0.0000e+00
        462 152.519193      6.418    11.3397  30.454361     1.6155 1.0453e+01     2.1464    229.021     79.102      6.359    26.3245    19.9743    1484.25 0.0000e+00
        463 152.519196      6.540    11.3410  30.465812     1.6411 9.8995e+00     2.1462    228.927     79.077      6.480    26.3345    19.9818    1484.27 0.0000e+00
        464 152.519198      6.662    11.3425  30.477661     1.6489 9.5497e+00     2.1466    228.998     79.109      6.601    26.3446    19.9895    1484.29 0.0000e+00
        465 152.519201      6.784    11.3440  30.487930     1.7482 9.1714e+00     2.1473    229.133     79.163      6.722    26.3533    19.9960    1484.31 0.0000e+00
        466 152.519204      6.907    11.3454  30.497004     1.6839 8.6393e+00     2.1469    229.053     79.141      6.844    26.3610    20.0016    1484.32 0.0000e+00
        467 152.519207      7.029    11.3467  30.506133     1.6761 8.2879e+00     2.1469    229.092     79.161      6.965    26.3687    20.0074    1484.34 0.0000e+00
        468 152.519210      7.152    11.3479  30.514733     1.6736 7.9493e+00     2.1479    229.202     79.205      7.087    26.3760    20.0129    1484.36 0.0000e+00
        469 152.519213      7.274    11.3489  30.522224     1.6048 7.5798e+00     2.1482    229.198     79.208      7.208    26.3824    20.0177    1484.37 0.0000e+00
        470 152.519216      7.395    11.3498  30.529013     1.6287 6.0062e+00     2.1479    229.108     79.181      7.328    26.3882    20.0220    1484.38 0.0000e+00
        471 152.519219      7.516    11.3505  30.535234     1.5681 6.5994e+00     2.1487    229.138     79.196      7.447    26.3936    20.0261    1484.39 0.0000e+00
        472 152.519222      7.637    11.3511  30.540720     1.5500 6.2107e+00     2.1487    229.049     79.168      7.567    26.3983    20.0297    1484.40 0.0000e+00
        473 152.519225      7.758    11.3516  30.545677     1.5842 6.0957e+00     2.1486    229.046     79.171      7.687    26.4027    20.0330    1484.41 0.0000e+00
        474 152.519227      7.879    11.3521  30.550617     1.6444 5.7650e+00     2.1482    228.980     79.151      7.807    26.4070    20.0362    1484.42 0.0000e+00
        475 152.519230      8.000    11.3525  30.556344     1.5747 5.5481e+00     2.1485    229.067     79.184      7.927    26.4121    20.0402    1484.43 0.0000e+00
        476 152.519233      8.121    11.3528  30.563724     1.5298 5.3250e+00     2.1488    229.148     79.216      8.047    26.4189    20.0454    1484.44 0.0000e+00
        477 152.519236      8.243    11.3532  30.572473     1.5372 5.0880e+00     2.1492    229.299     79.273      8.168    26.4269    20.0515    1484.45 0.0000e+00
        478 152.519239      8.364    11.3537  30.581221     1.5945 4.8259e+00     2.1489    229.267     79.267      8.288    26.4349    20.0576    1484.47 0.0000e+00
        479 152.519242      8.485    11.3542  30.589143     1.6332 4.6347e+00     2.1501    229.356     79.302      8.408    26.4420    20.0631    1484.48 0.0000e+00
        480 152.519245      8.606    11.3546  30.596493     1.5488 4.4566e+00     2.1496    229.280     79.280      8.528    26.4487    20.0682    1484.49 0.0000e+00
        481 152.519248      8.727    11.3550  30.603714     1.5047 4.1209e+00     2.1505    229.358     79.311      8.647    26.4553    20.0732    1484.50 0.0000e+00
        482 152.519251      8.848    11.3553  30.610659     1.5171 3.9085e+00     2.1501    229.227     79.269      8.767    26.4617    20.0781    1484.51 0.0000e+00
        483 152.519253      8.969    11.3555  30.616883     1.5125 3.8514e+00     2.1499    229.091     79.225      8.887    26.4674    20.0826    1484.52 0.0000e+00
        484 152.519256      9.089    11.3555  30.621964     1.5051 3.7288e+00     2.1508    229.261     79.286      9.006    26.4722    20.0863    1484.53 0.0000e+00
        485 152.519259      9.210    11.3555  30.625564     1.6407 3.6395e+00     2.1505    229.185     79.262      9.126    26.4756    20.0889    1484.54 0.0000e+00
        486 152.519262      9.330    11.3553  30.627901     1.5550 3.4278e+00     2.1501    229.236     79.280      9.245    26.4779    20.0908    1484.54 0.0000e+00
        487 152.519265      9.451    11.3549  30.629544     1.5088 3.3000e+00     2.1503    229.350     79.320      9.365    26.4798    20.0922    1484.54 0.0000e+00
        488 152.519268      9.572    11.3541  30.630693     1.5364 3.1751e+00     2.1509    229.442     79.351      9.485    26.4814    20.0936    1484.54 0.0000e+00
        489 152.519271      9.693    11.3531  30.631320     1.5331 3.0964e+00     2.1508    229.583     79.399      9.605    26.4827    20.0948    1484.54 0.0000e+00
        490 152.519274      9.813    11.3521  30.631698     1.5158 2.9538e+00     2.1516    229.832     79.484      9.723    26.4837    20.0958    1484.54 0.0000e+00
        491 152.519277      9.934    11.3510  30.632367     1.4759 2.8166e+00     2.1521    230.014     79.546      9.843    26.4851    20.0970    1484.54 0.0000e+00
        492 152.519280     10.054    11.3502  30.633564     1.4775 2.6488e+00     2.1519    230.078     79.567      9.962    26.4868    20.0985    1484.54 0.0000e+00
