CTD_data_day2/sbe55_sbe19p_5262_20260601_re9_1m.cnv
* Sea-Bird SBE 19plus Data File:
* FileName = C:\Data\sbe55_sbe19p_5262\2026-06-01\sbe55_sbe19p_5262_20260601_re7074.hex
* Software Version SeatermAF 2.1.4
* Temperature SN = 5262
* Conductivity SN = 5262
* System UpLoad Time = Jun 01 2026 13:38:56 (localtime) = Jun 01 2026 13:38:56 (UTC)
* ds
* SeacatPlus V 1.6b  SERIAL NO. 5262    01 Jun 2026  13:36:26
# nquan = 15
# nvalues = 89                          
# units = specified
# name 0 = scan: Scan Count
# name 1 = timeJ: Julian Days
# name 2 = prdM: Pressure, Strain Gauge [db]
# name 3 = tv290C: Temperature [ITS-90, deg C]
# name 4 = c0mS/cm: Conductivity [mS/cm]
# name 5 = wetStar: Fluorescence, WET Labs WETstar [mg/m^3]
# name 6 = par: PAR/Irradiance, Biospherical/Licor [umol photons/m^2/sec]
# name 7 = sbeox0V: Oxygen raw, SBE 43 [V]
# name 8 = sbeox0Mm/L: Oxygen, SBE 43 [umol/l], WS = 2
# name 9 = sbeox0PS: Oxygen, SBE 43 [% saturation], WS = 2
# name 10 = depSM: Depth [salt water, m], lat = 56
# name 11 = sal00: Salinity, Practical [PSU]
# name 12 = sigma-é00: Density [sigma-theta, kg/m^3]
# name 13 = svCM: Sound Velocity [Chen-Millero, m/s]
# name 14 = flag: flag
# span 0 =        346,       1130       
# span 1 = 152.559945, 152.562213       
# span 2 =      1.000,     45.000       
# span 3 =    11.1555,    11.6886       
# span 4 =  29.703124,  34.105179       
# span 5 =     1.0818,     3.5443       
# span 6 = -2.477e-07, 2.4435e+02       
# span 7 =     2.1929,     2.2404       
# span 8 =    232.052,    238.474       
# span 9 =     80.159,     83.888       
# span 10 =      0.991,     44.586      
# span 11 =    25.4462,    29.9709      
# span 12 =    19.2535,    22.8367      
# span 13 =    1483.96,    1488.61      
# span 14 = 0.0000e+00, 0.0000e+00      
# interval = decibars: 1                
# start_time = Jun 01 2026 13:24:53 [Instrument's time stamp, header]
# bad_flag = -9.990e-29
*END*
        346 152.559945      1.000    11.5788  29.703124     3.4948 2.4435e+02     2.1951    236.149     81.532      0.991    25.4462    19.2535    1483.96 0.0000e+00
        360 152.559987      2.000    11.5895  30.031989     3.5443 1.4488e+02     2.2055    237.603     82.211      1.982    25.7493    19.4866    1484.38 0.0000e+00
        371 152.560019      3.000    11.6453  30.340771     3.5312 9.0230e+01     2.2152    237.865     82.532      2.973    26.0021    19.6731    1484.90 0.0000e+00
        382 152.560048      4.000    11.6886  30.595239     3.3345 5.8269e+01     2.2172    236.725     82.322      3.963    26.2121    19.8284    1485.32 0.0000e+00
        392 152.560077      5.000    11.6021  31.033517     3.0556 3.9271e+01     2.2132    235.677     82.052      4.954    26.6888    20.2125    1485.60 0.0000e+00
        401 152.560105      6.000    11.5339  31.212747     2.7441 2.5505e+01     2.2088    235.035     81.822      5.945    26.9081    20.3941    1485.63 0.0000e+00
        411 152.560133      7.000    11.4997  31.393497     2.2890 1.3350e+01     2.2050    234.728     81.756      6.936    27.1050    20.5526    1485.76 0.0000e+00
        421 152.560161      8.000    11.4456  31.839863     1.6951 8.5319e+00     2.2060    235.142     82.047      7.927    27.5711    20.9233    1486.15 0.0000e+00
        430 152.560189      9.000    11.4301  32.034497     1.6591 5.9307e+00     2.2082    235.131     82.118      8.918    27.7688    21.0793    1486.34 0.0000e+00
        440 152.560217     10.000    11.4169  32.172303     1.5299 4.1836e+00     2.2120    236.068     82.496      9.909    27.9105    21.1915    1486.48 0.0000e+00
        450 152.560245     11.000    11.3963  32.403064     1.6052 3.4713e+00     2.2180    236.765     82.827     10.900    28.1473    21.3788    1486.71 0.0000e+00
        459 152.560273     12.000    11.3781  32.607469     1.5276 2.8939e+00     2.2238    237.088     83.018     11.891    28.3574    21.5449    1486.91 0.0000e+00
        469 152.560301     13.000    11.3674  32.707625     1.5122 1.9000e+00     2.2265    237.082     83.052     12.881    28.4616    21.6277    1487.02 0.0000e+00
        479 152.560329     14.000    11.3583  32.880626     1.5181 1.2666e+00     2.2283    237.176     83.160     13.872    28.6350    21.7638    1487.21 0.0000e+00
        488 152.560357     15.000    11.3296  33.017945     1.3809 8.7037e-01     2.2310    237.773     83.399     14.863    28.7894    21.8886    1487.31 0.0000e+00
        498 152.560384     16.000    11.3314  33.129419     1.3858 6.4395e-01     2.2348    237.949     83.520     15.853    28.8952    21.9704    1487.46 0.0000e+00
        507 152.560410     17.000    11.3249  33.204411     1.4429 4.5929e-01     2.2354    237.560     83.413     16.844    28.9724    22.0315    1487.55 0.0000e+00
        516 152.560436     18.000    11.3152  33.263569     1.4150 3.3093e-01     2.2339    237.241     83.317     17.835    29.0368    22.0832    1487.60 0.0000e+00
        525 152.560462     19.000    11.3026  33.295844     1.3882 2.6261e-01     2.2329    237.270     83.326     18.826    29.0776    22.1170    1487.62 0.0000e+00
        534 152.560488     20.000    11.3004  33.352187     1.3418 1.8594e-01     2.2327    237.223     83.335     19.817    29.1334    22.1608    1487.70 0.0000e+00
        543 152.560514     21.000    11.2936  33.370411     1.3526 1.2869e-01     2.2313    236.789     83.183     20.808    29.1560    22.1795    1487.72 0.0000e+00
        551 152.560539     22.000    11.2908  33.381758     1.3846 8.6936e-02     2.2298    236.901     83.224     21.799    29.1689    22.1900    1487.74 0.0000e+00
        560 152.560565     23.000    11.2741  33.488287     1.3447 4.9537e-02     2.2305    237.117     83.331     22.790    29.2849    22.2829    1487.84 0.0000e+00
        569 152.560590     24.000    11.2470  33.566422     1.3619 1.2491e-02     2.2320    237.506     83.470     23.780    29.3817    22.3628    1487.87 0.0000e+00
        578 152.560616     25.000    11.2391  33.603099     1.3007 6.7238e-05     2.2347    238.087     83.682     24.771    29.4232    22.3964    1487.91 0.0000e+00
        587 152.560642     26.000    11.2470  33.674961     1.2791 -2.477e-07     2.2385    238.474     83.866     25.762    29.4862    22.4440    1488.03 0.0000e+00
        596 152.560669     27.000    11.2646  33.738239     1.2594 1.0000e-12     2.2404    238.145     83.807     26.753    29.5332    22.4775    1488.17 0.0000e+00
        605 152.560695     28.000    11.2527  33.822550     1.1901 1.0000e-12     2.2396    237.909     83.751     27.744    29.6242    22.5502    1488.25 0.0000e+00
        614 152.560722     29.000    11.2351  33.857003     1.2208 1.0000e-12     2.2396    238.019     83.783     28.734    29.6713    22.5899    1488.26 0.0000e+00
        623 152.560748     30.000    11.2340  33.870713     1.1111 1.0000e-12     2.2388    237.831     83.722     29.725    29.6852    22.6008    1488.29 0.0000e+00
        632 152.560774     31.000    11.2325  33.874794     1.1463 1.0000e-12     2.2379    237.719     83.682     30.716    29.6900    22.6049    1488.31 0.0000e+00
        642 152.560800     32.000    11.2278  33.872881     1.1079 1.0000e-12     2.2368    237.561     83.619     31.706    29.6915    22.6069    1488.31 0.0000e+00
        651 152.560826     33.000    11.2211  33.870023     1.1918 1.0000e-12     2.2358    237.677     83.649     32.697    29.6937    22.6098    1488.31 0.0000e+00
        660 152.560853     34.000    11.2137  33.882790     1.2249 1.0000e-12     2.2361    237.626     83.628     33.688    29.7117    22.6250    1488.32 0.0000e+00
        669 152.560880     35.000    11.2091  33.901423     1.1832 1.0000e-12     2.2338    237.220     83.488     34.679    29.7331    22.6424    1488.34 0.0000e+00
        678 152.560907     36.000    11.2070  33.915228     1.3371 1.0000e-12     2.2330    237.270     83.509     35.670    29.7478    22.6543    1488.37 0.0000e+00
        688 152.560933     37.000    11.2047  33.948712     1.1802 1.0000e-12     2.2323    237.196     83.497     36.660    29.7819    22.6812    1488.42 0.0000e+00
        697 152.560960     38.000    11.2035  33.970532     1.1623 1.0000e-12     2.2318    237.168     83.497     37.651    29.8037    22.6984    1488.46 0.0000e+00
        706 152.560986     39.000    11.2024  33.983328     1.0818 1.0000e-12     2.2316    237.100     83.478     38.641    29.8165    22.7086    1488.49 0.0000e+00
        715 152.561012     40.000    11.1962  34.004038     1.1041 1.0000e-12     2.2301    236.723     83.347     39.632    29.8413    22.7289    1488.51 0.0000e+00
        724 152.561038     41.000    11.1878  34.028219     1.0905 1.0000e-12     2.2288    236.921     83.418     40.623    29.8713    22.7536    1488.53 0.0000e+00
        733 152.561064     42.000    11.1723  34.065507     1.2927 1.0000e-12     2.2295    236.951     83.426     41.613    29.9198    22.7940    1488.55 0.0000e+00
        742 152.561091     43.000    11.1604  34.085312     1.2428 1.0000e-12     2.2293    237.012     83.441     42.604    29.9484    22.8183    1488.56 0.0000e+00
        751 152.561118     44.000    11.1560  34.097327     1.3084 1.0000e-12     2.2290    236.950     83.419     43.595    29.9632    22.8306    1488.58 0.0000e+00
        771 152.561174     45.000    11.1555  34.105179     1.2046 1.0000e-12     2.2272    236.616     83.305     44.586    29.9709    22.8367    1488.61 0.0000e+00
        779 152.561197     44.000    11.1574  34.101180     1.1937 1.0000e-12     2.2275    236.804     83.372     43.595    29.9658    22.8324    1488.59 0.0000e+00
        788 152.561223     43.000    11.1577  34.097729     1.3070 1.0000e-12     2.2280    237.046     83.456     42.604    29.9627    22.8298    1488.57 0.0000e+00
        796 152.561247     42.000    11.1594  34.089849     1.2772 1.0000e-12     2.2304    237.380     83.572     41.614    29.9540    22.8228    1488.55 0.0000e+00
        805 152.561272     41.000    11.1663  34.071433     1.1280 1.0000e-12     2.2308    237.117     83.480     40.623    29.9309    22.8036    1488.53 0.0000e+00
        813 152.561296     40.000    11.1781  34.041162     1.2007 1.0000e-12     2.2294    236.718     83.340     39.632    29.8922    22.7715    1488.51 0.0000e+00
        821 152.561320     39.000    11.1907  34.012885     1.2065 1.0000e-12     2.2291    236.893     83.404     38.641    29.8549    22.7403    1488.49 0.0000e+00
        829 152.561344     38.000    11.1990  33.990783     1.1581 1.0000e-12     2.2298    237.102     83.478     37.651    29.8270    22.7172    1488.47 0.0000e+00
        837 152.561367     37.000    11.2026  33.972908     1.0933 1.0000e-12     2.2316    237.511     83.618     36.660    29.8071    22.7011    1488.44 0.0000e+00
        845 152.561390     36.000    11.2028  33.948128     1.2687 1.0000e-12     2.2336    237.596     83.635     35.669    29.7832    22.6825    1488.40 0.0000e+00
        853 152.561413     35.000    11.2037  33.930479     1.2048 1.0000e-12     2.2339    237.451     83.577     34.679    29.7657    22.6688    1488.36 0.0000e+00
        861 152.561436     34.000    11.2070  33.909998     1.2450 1.0000e-12     2.2340    237.483     83.582     33.688    29.7435    22.6509    1488.33 0.0000e+00
        869 152.561459     33.000    11.2106  33.890917     1.2419 1.0000e-12     2.2342    237.621     83.626     32.697    29.7225    22.6340    1488.30 0.0000e+00
        878 152.561483     32.000    11.2182  33.873022     1.1599 1.0000e-12     2.2358    237.871     83.715     31.706    29.6994    22.6147    1488.29 0.0000e+00
        886 152.561507     31.000    11.2281  33.869685     1.1402 1.0000e-12     2.2369    237.909     83.741     30.716    29.6885    22.6045    1488.29 0.0000e+00
        894 152.561530     30.000    11.2334  33.869955     1.1756 1.0000e-12     2.2379    237.939     83.759     29.725    29.6849    22.6008    1488.29 0.0000e+00
        902 152.561554     29.000    11.2368  33.870000     1.1744 1.0000e-12     2.2386    237.938     83.763     28.734    29.6826    22.5983    1488.28 0.0000e+00
        910 152.561578     28.000    11.2409  33.861856     1.2148 1.0000e-12     2.2383    237.846     83.733     27.743    29.6718    22.5892    1488.27 0.0000e+00
        918 152.561601     27.000    11.2487  33.819363     1.1747 1.0000e-12     2.2401    238.318     83.888     26.753    29.6247    22.5513    1488.22 0.0000e+00
        926 152.561624     26.000    11.2608  33.743163     1.2563 1.0000e-12     2.2401    237.905     83.720     25.762    29.5414    22.4845    1488.15 0.0000e+00
        934 152.561647     25.000    11.2592  33.665386     1.2946 1.0000e-12     2.2387    237.640     83.585     24.771    29.4676    22.4275    1488.04 0.0000e+00
        942 152.561671     24.000    11.2465  33.590292     1.2779 1.0000e-12     2.2365    237.506     83.482     23.780    29.4053    22.3812    1487.90 0.0000e+00
        951 152.561694     23.000    11.2501  33.517467     1.3635 1.2531e-02     2.2345    237.341     83.392     22.789    29.3321    22.3238    1487.81 0.0000e+00
        959 152.561718     22.000    11.2661  33.445992     1.2908 4.2345e-02     2.2327    236.925     83.232     21.799    29.2506    22.2577    1487.75 0.0000e+00
        967 152.561742     21.000    11.2819  33.389906     1.4027 7.8803e-02     2.2305    236.860     83.202     20.808    29.1842    22.2034    1487.71 0.0000e+00
        975 152.561766     20.000    11.2912  33.353883     1.3864 1.2373e-01     2.2307    237.139     83.294     19.817    29.1423    22.1692    1487.68 0.0000e+00
        983 152.561789     19.000    11.2974  33.309915     1.3481 1.6181e-01     2.2315    237.314     83.342     18.826    29.0952    22.1316    1487.63 0.0000e+00
        991 152.561811     18.000    11.3033  33.257264     1.3669 2.3313e-01     2.2317    237.177     83.275     17.835    29.0401    22.0877    1487.57 0.0000e+00
        999 152.561834     17.000    11.3114  33.203837     1.3416 3.1306e-01     2.2325    237.503     83.374     16.845    28.9824    22.0416    1487.51 0.0000e+00
       1007 152.561857     16.000    11.3194  33.157616     1.3602 4.6136e-01     2.2328    237.282     83.284     15.854    28.9319    22.0010    1487.46 0.0000e+00
       1015 152.561880     15.000    11.3168  33.111930     1.5099 6.5627e-01     2.2323    237.289     83.260     14.863    28.8902    21.9690    1487.39 0.0000e+00
       1023 152.561903     14.000    11.3163  33.042478     1.5872 8.5813e-01     2.2313    237.025     83.131     13.872    28.8238    21.9176    1487.29 0.0000e+00
       1030 152.561925     13.000    11.3355  32.901892     1.5040 1.1152e+00     2.2294    236.828     83.017     12.881    28.6736    21.7977    1487.16 0.0000e+00
       1038 152.561948     12.000    11.3556  32.741798     1.4897 1.6049e+00     2.2278    236.574     82.875     11.890    28.5040    21.6626    1487.01 0.0000e+00
       1046 152.561970     11.000    11.3708  32.548993     1.6065 2.0927e+00     2.2234    235.742     82.507     10.900    28.3071    21.5071    1486.81 0.0000e+00
       1054 152.561993     10.000    11.3925  32.300276     1.6346 2.7900e+00     2.2188    235.432     82.304      9.909    28.0518    21.3053    1486.57 0.0000e+00
       1062 152.562016      9.000    11.4113  32.127918     1.5721 3.7124e+00     2.2147    235.254     82.182      8.918    27.8725    21.1629    1486.40 0.0000e+00
       1069 152.562038      8.000    11.4247  32.002040     1.5959 4.9423e+00     2.2121    235.143     82.099      7.927    27.7420    21.0595    1486.28 0.0000e+00
       1077 152.562061      7.000    11.4343  31.847174     1.6168 6.7828e+00     2.2107    235.390     82.122      6.936    27.5868    20.9374    1486.11 0.0000e+00
       1085 152.562084      6.000    11.4627  31.534415     2.0759 9.5097e+00     2.2121    236.407     82.360      5.945    27.2670    20.6845    1485.81 0.0000e+00
       1093 152.562106      5.000    11.5032  31.273047     2.4612 1.3648e+01     2.2159    237.231     82.574      4.954    26.9882    20.4614    1485.60 0.0000e+00
       1101 152.562130      4.000    11.5761  30.909630     2.8599 2.0691e+01     2.2182    236.997     82.414      3.964    26.5902    20.1406    1485.37 0.0000e+00
       1110 152.562156      3.000    11.6475  30.440663     3.2283 3.0958e+01     2.2137    235.894     81.900      2.973    26.0951    19.7448    1485.01 0.0000e+00
       1120 152.562184      2.000    11.6254  30.033062     3.4569 6.3772e+01     2.2061    235.401     81.500      1.982    25.7254    19.4620    1484.48 0.0000e+00
       1130 152.562213      1.000    11.5970  29.734609     2.8695 1.2217e+02     2.1929    232.052     80.159      0.991    25.4634    19.2638    1484.05 0.0000e+00
