CTD_data_day2/sbe55_sbe19p_5262_20260601_re7pt5.cnv
* Sea-Bird SBE 19plus Data File:
* FileName = C:\Data\sbe55_sbe19p_5262\2026-06-01\sbe55_sbe19p_5262_20260601_re7073.hex
* Software Version SeatermAF 2.1.4
* Temperature SN = 5262
* Conductivity SN = 5262
* System UpLoad Time = Jun 01 2026 13:38:18 (localtime) = Jun 01 2026 13:38:18 (UTC)
* ds
* SeacatPlus V 1.6b  SERIAL NO. 5262    01 Jun 2026  13:36:26
# nquan = 15                                
# nvalues = 643                         
# units = specified
# name 0 = scan: Scan Count
# name 1 = timeJ: Julian Days
# name 2 = prdM: Pressure, Strain Gauge [db]
# name 3 = tv290C: Temperature [ITS-90, deg C]
# name 4 = c0mS/cm: Conductivity [mS/cm]
# name 5 = wetStar: Fluorescence, WET Labs WETstar [mg/m^3]
# name 6 = par: PAR/Irradiance, Biospherical/Licor [umol photons/m^2/sec]
# name 7 = sbeox0V: Oxygen raw, SBE 43 [V]
# name 8 = sbeox0Mm/L: Oxygen, SBE 43 [umol/l], WS = 2
# name 9 = sbeox0PS: Oxygen, SBE 43 [% saturation], WS = 2
# name 10 = depSM: Depth [salt water, m], lat = 56
# name 11 = sal00: Salinity, Practical [PSU]
# name 12 = sigma-é00: Density [sigma-theta, kg/m^3]
# name 13 = svCM: Sound Velocity [Chen-Millero, m/s]
# name 14 = flag: flag
# span 0 =        301,        943       
# span 1 = 152.548981, 152.550839       
# span 2 =     -0.211,     36.150       
# span 3 =    11.3438,    11.5975       
# span 4 =   2.853165,  32.378012       
# span 5 =     0.0442,     3.6874       
# span 6 = 1.0000e-12, 9.6953e+02       
# span 7 =     1.9685,     2.2056       
# span 8 =    205.557,    235.061       
# span 9 =     69.303,     82.171       
# span 10 =     -0.209,     35.818      
# span 11 =     2.0454,    28.1115      
# span 12 =     1.1564,    21.3510      
# span 13 =    1455.47,    1487.09      
# span 14 = 0.0000e+00, 0.0000e+00      
# interval = seconds: 0.25
# start_time = Jun 01 2026 13:09:17 [Instrument's time stamp, header]
# bad_flag = -9.990e-29
*END*
[from data line 290]
        591 152.549821     34.582    11.3998  32.355883     1.3527 1.0000e-12     2.2011    234.332     81.953     34.264    28.0906    21.3346    1487.04 0.0000e+00
        592 152.549823     34.699    11.3997  32.357403     1.3729 1.0000e-12     2.2012    234.466     82.000     34.380    28.0921    21.3358    1487.05 0.0000e+00
        593 152.549826     34.815    11.3996  32.358818     1.2933 1.0000e-12     2.2007    234.410     81.981     34.495    28.0935    21.3369    1487.05 0.0000e+00
        594 152.549829     34.931    11.3995  32.360245     1.3131 1.0000e-12     2.2011    234.462     82.000     34.610    28.0949    21.3380    1487.05 0.0000e+00
        595 152.549832     35.045    11.3994  32.361741     1.4021 1.0000e-12     2.2012    234.433     81.990     34.723    28.0963    21.3392    1487.06 0.0000e+00
        596 152.549835     35.157    11.3994  32.363386     1.3992 1.0000e-12     2.2023    234.605     82.051     34.834    28.0979    21.3404    1487.06 0.0000e+00
        597 152.549838     35.268    11.3993  32.365221     1.3106 1.0000e-12     2.2012    234.492     82.013     34.944    28.0997    21.3418    1487.06 0.0000e+00
        598 152.549841     35.376    11.3993  32.367220     1.2250 1.0000e-12     2.2017    234.617     82.057     35.051    28.1015    21.3432    1487.07 0.0000e+00
        599 152.549844     35.483    11.3992  32.369355     1.3691 1.0000e-12     2.2010    234.586     82.047     35.157    28.1036    21.3449    1487.07 0.0000e+00
        600 152.549847     35.586    11.3991  32.371508     1.3082 1.0000e-12     2.2017    234.673     82.079     35.259    28.1057    21.3465    1487.07 0.0000e+00
        601 152.549850     35.685    11.3991  32.373483     1.2950 1.0000e-12     2.2020    234.823     82.132     35.357    28.1076    21.3480    1487.08 0.0000e+00
        602 152.549852     35.780    11.3990  32.375150     1.2538 1.0000e-12     2.2030    234.904     82.161     35.451    28.1092    21.3493    1487.08 0.0000e+00
        603 152.549855     35.869    11.3990  32.376416     1.3139 1.0000e-12     2.2032    234.929     82.171     35.540    28.1104    21.3502    1487.08 0.0000e+00
        604 152.549858     35.949    11.3990  32.377208     1.3794 1.0000e-12     2.2027    234.753     82.109     35.619    28.1112    21.3508    1487.09 0.0000e+00
        605 152.549861     36.018    11.3991  32.377633     1.2727 1.0000e-12     2.2031    234.673     82.082     35.687    28.1115    21.3510    1487.09 0.0000e+00
        606 152.549864     36.073    11.3993  32.377887     1.3617 1.0000e-12     2.2027    234.505     82.023     35.742    28.1115    21.3510    1487.09 0.0000e+00
        607 152.549867     36.113    11.3996  32.378012     1.3061 1.0000e-12     2.2031    234.510     82.026     35.781    28.1114    21.3509    1487.09 -9.990e-29
        608 152.549870     36.138    11.3999  32.377952     1.2921 1.0000e-12     2.2031    234.550     82.040     35.806    28.1111    21.3506    1487.09 -9.990e-29
        609 152.549873     36.150    11.4002  32.377705     1.4380 1.0000e-12     2.2024    234.441     82.002     35.818    28.1106    21.3502    1487.09 -9.990e-29
        610 152.549876     36.148    11.4005  32.377348     1.2278 1.0000e-12     2.2025    234.539     82.037     35.816    28.1101    21.3497    1487.09 -9.990e-29
        611 152.549878     36.133    11.4007  32.376958     1.3119 1.0000e-12     2.2021    234.488     82.019     35.801    28.1096    21.3492    1487.09 -9.990e-29
        612 152.549881     36.104    11.4009  32.376538     1.2929 1.0000e-12     2.2027    234.634     82.070     35.772    28.1090    21.3488    1487.09 0.0000e+00
        613 152.549884     36.062    11.4011  32.376054     1.2703 1.0000e-12     2.2026    234.701     82.094     35.731    28.1084    21.3483    1487.09 0.0000e+00
        614 152.549887     36.007    11.4013  32.375551     1.3049 1.0000e-12     2.2032    234.739     82.107     35.676    28.1078    21.3478    1487.09 0.0000e+00
        615 152.549890     35.942    11.4014  32.375100     1.3621 1.0000e-12     2.2028    234.660     82.079     35.612    28.1073    21.3474    1487.09 0.0000e+00
        616 152.549893     35.868    11.4015  32.374692     1.3424 1.0000e-12     2.2030    234.600     82.058     35.539    28.1069    21.3470    1487.09 0.0000e+00
        617 152.549896     35.788    11.4015  32.374239     1.3679 1.0000e-12     2.2032    234.525     82.031     35.459    28.1065    21.3467    1487.09 0.0000e+00
        618 152.549899     35.702    11.4014  32.373780     1.4561 1.0000e-12     2.2026    234.372     81.978     35.374    28.1061    21.3464    1487.09 0.0000e+00
        619 152.549902     35.612    11.4014  32.373424     1.2917 1.0000e-12     2.2028    234.395     81.986     35.285    28.1058    21.3462    1487.08 0.0000e+00
        620 152.549905     35.518    11.4014  32.373152     1.2563 1.0000e-12     2.2026    234.295     81.951     35.192    28.1056    21.3460    1487.08 0.0000e+00
        621 152.549907     35.421    11.4014  32.372892     1.2237 1.0000e-12     2.2018    234.187     81.913     35.096    28.1054    21.3459    1487.08 0.0000e+00
        622 152.549910     35.321    11.4013  32.372590     1.4586 1.0000e-12     2.2021    234.257     81.937     34.997    28.1052    21.3457    1487.08 0.0000e+00
        623 152.549913     35.219    11.4013  32.372216     1.2785 1.0000e-12     2.2020    234.261     81.938     34.896    28.1049    21.3455    1487.08 0.0000e+00
        624 152.549916     35.115    11.4012  32.371744     1.1916 1.0000e-12     2.2014    234.239     81.930     34.793    28.1045    21.3452    1487.07 0.0000e+00
        625 152.549919     35.008    11.4012  32.371219     1.2847 1.0000e-12     2.2017    234.346     81.967     34.686    28.1041    21.3449    1487.07 0.0000e+00
        626 152.549922     34.900    11.4012  32.370738     1.3963 1.0000e-12     2.2014    234.263     81.938     34.579    28.1037    21.3445    1487.07 0.0000e+00
        627 152.549925     34.789    11.4013  32.370401     1.2785 1.0000e-12     2.2016    234.381     81.979     34.470    28.1033    21.3442    1487.07 0.0000e+00
        628 152.549928     34.677    11.4013  32.370151     1.3127 1.0000e-12     2.2016    234.401     81.986     34.359    28.1031    21.3441    1487.06 0.0000e+00
        629 152.549931     34.563    11.4014  32.369872     1.2336 1.0000e-12     2.2016    234.395     81.984     34.246    28.1028    21.3438    1487.06 0.0000e+00
        630 152.549933     34.448    11.4016  32.369447     1.2999 1.0000e-12     2.2011    234.328     81.961     34.132    28.1023    21.3434    1487.06 0.0000e+00
        631 152.549936     34.332    11.4017  32.368791     1.3494 1.0000e-12     2.2021    234.435     81.998     34.017    28.1016    21.3429    1487.06 0.0000e+00
        632 152.549939     34.215    11.4018  32.367967     1.3098 1.0000e-12     2.2014    234.352     81.969     33.901    28.1008    21.3422    1487.06 0.0000e+00
        633 152.549942     34.096    11.4018  32.367015     1.2979 1.0000e-12     2.2017    234.381     81.978     33.783    28.0999    21.3415    1487.05 0.0000e+00
        634 152.549945     33.976    11.4018  32.365890     1.2715 1.0000e-12     2.2015    234.370     81.974     33.664    28.0989    21.3407    1487.05 0.0000e+00
        635 152.549948     33.855    11.4017  32.364635     1.3584 1.0000e-12     2.2014    234.344     81.964     33.544    28.0978    21.3399    1487.05 0.0000e+00
        636 152.549951     33.732    11.4016  32.363346     1.2999 1.0000e-12     2.2017    234.460     82.004     33.422    28.0967    21.3390    1487.04 0.0000e+00
        637 152.549954     33.606    11.4015  32.362104     1.4305 1.0000e-12     2.2014    234.345     81.963     33.297    28.0956    21.3382    1487.04 0.0000e+00
        638 152.549957     33.479    11.4014  32.360983     1.2649 1.0000e-12     2.2017    234.402     81.982     33.172    28.0947    21.3375    1487.04 0.0000e+00
        639 152.549959     33.350    11.4013  32.359991     1.2896 1.0000e-12     2.2020    234.471     82.006     33.044    28.0938    21.3369    1487.03 0.0000e+00
        640 152.549962     33.220    11.4013  32.359034     1.2291 1.0000e-12     2.2020    234.483     82.010     32.915    28.0930    21.3362    1487.03 0.0000e+00
        641 152.549965     33.088    11.4014  32.357954     1.2909 1.0000e-12     2.2011    234.368     81.969     32.784    28.0919    21.3353    1487.03 0.0000e+00
        642 152.549968     32.955    11.4014  32.356631     1.2406 1.0000e-12     2.2017    234.458     82.000     32.653    28.0907    21.3344    1487.02 0.0000e+00
        643 152.549971     32.822    11.4015  32.354961     1.3436 1.0000e-12     2.2021    234.589     82.045     32.521    28.0890    21.3331    1487.02 0.0000e+00
        644 152.549974     32.688    11.4016  32.352779     1.4169 1.0000e-12     2.2022    234.648     82.065     32.388    28.0869    21.3314    1487.01 0.0000e+00
        645 152.549977     32.553    11.4017  32.349952     1.3506 1.0000e-12     2.2020    234.626     82.056     32.254    28.0842    21.3293    1487.01 0.0000e+00
        646 152.549980     32.418    11.4019  32.346513     1.2048 1.0000e-12     2.2024    234.585     82.040     32.120    28.0808    21.3266    1487.00 0.0000e+00
        647 152.549983     32.282    11.4020  32.342666     1.2097 1.0000e-12     2.2031    234.589     82.040     31.986    28.0771    21.3237    1487.00 0.0000e+00
        648 152.549986     32.147    11.4022  32.338627     1.2736 1.0000e-12     2.2027    234.466     81.995     31.852    28.0731    21.3206    1486.99 0.0000e+00
        649 152.549988     32.011    11.4024  32.334707     1.3539 1.0000e-12     2.2024    234.398     81.969     31.717    28.0692    21.3176    1486.98 0.0000e+00
        650 152.549991     31.876    11.4027  32.331102     1.2797 1.0000e-12     2.2024    234.299     81.933     31.583    28.0656    21.3147    1486.98 0.0000e+00
        651 152.549994     31.740    11.4031  32.327556     1.2340 1.0000e-12     2.2020    234.202     81.898     31.449    28.0619    21.3118    1486.97 0.0000e+00
        652 152.549997     31.604    11.4034  32.323779     1.3234 1.0000e-12     2.2019    234.346     81.947     31.314    28.0581    21.3088    1486.97 0.0000e+00
        653 152.550000     31.468    11.4036  32.319835     1.2509 1.0000e-12     2.2022    234.380     81.958     31.179    28.0542    21.3057    1486.96 0.0000e+00
        654 152.550003     31.333    11.4039  32.316133     1.3428 1.0000e-12     2.2016    234.256     81.913     31.046    28.0505    21.3028    1486.96 0.0000e+00
        655 152.550006     31.197    11.4041  32.312887     1.3605 1.0000e-12     2.2017    234.188     81.888     30.911    28.0473    21.3002    1486.95 0.0000e+00
        656 152.550009     31.061    11.4043  32.310023     1.3106 1.0000e-12     2.2030    234.362     81.947     30.776    28.0444    21.2980    1486.95 0.0000e+00
        657 152.550012     30.925    11.4045  32.307426     1.2258 1.0000e-12     2.2015    234.074     81.845     30.641    28.0418    21.2959    1486.94 0.0000e+00
        658 152.550014     30.790    11.4046  32.305007     1.2163 1.0000e-12     2.2012    233.974     81.810     30.508    28.0395    21.2941    1486.94 0.0000e+00
        659 152.550017     30.655    11.4047  32.302694     1.1512 1.0000e-12     2.2004    233.781     81.741     30.374    28.0372    21.2923    1486.93 0.0000e+00
        660 152.550020     30.520    11.4048  32.300410     1.4141 1.0000e-12     2.2013    233.840     81.761     30.240    28.0350    21.2906    1486.93 0.0000e+00
        661 152.550023     30.385    11.4048  32.298144     1.3803 1.0000e-12     2.2004    233.884     81.775     30.106    28.0329    21.2889    1486.92 0.0000e+00
        662 152.550026     30.250    11.4049  32.295706     1.3403 1.0000e-12     2.1999    233.822     81.752     29.973    28.0305    21.2871    1486.92 0.0000e+00
        663 152.550029     30.114    11.4050  32.292786     1.2744 1.0000e-12     2.1998    233.824     81.752     29.838    28.0277    21.2849    1486.91 0.0000e+00
        664 152.550032     29.979    11.4052  32.289235     1.2105 1.0000e-12     2.1994    233.754     81.726     29.704    28.0242    21.2821    1486.91 0.0000e+00
        665 152.550035     29.843    11.4054  32.284950     1.3024 1.0000e-12     2.2000    233.944     81.791     29.569    28.0200    21.2788    1486.90 0.0000e+00
        666 152.550038     29.707    11.4057  32.279945     1.1850 1.0000e-12     2.1992    233.914     81.778     29.435    28.0150    21.2749    1486.89 0.0000e+00
        667 152.550041     29.571    11.4061  32.274310     1.0968 1.0000e-12     2.1991    233.932     81.782     29.300    28.0093    21.2704    1486.89 0.0000e+00
        668 152.550043     29.436    11.4065  32.267887     1.1743 1.0000e-12     2.1992    233.981     81.797     29.166    28.0029    21.2653    1486.88 0.0000e+00
        669 152.550046     29.301    11.4071  32.260082     1.1421 1.0000e-12     2.1992    233.977     81.792     29.032    27.9950    21.2591    1486.87 0.0000e+00
        670 152.550049     29.166    11.4077  32.251144     1.2167 1.0000e-12     2.1995    234.084     81.826     28.899    27.9860    21.2520    1486.86 0.0000e+00
        671 152.550052     29.031    11.4084  32.242263     1.1735 1.0000e-12     2.1993    234.113     81.832     28.765    27.9770    21.2449    1486.85 0.0000e+00
        672 152.550055     28.896    11.4092  32.233365     1.2262 1.0000e-12     2.1993    234.135     81.837     28.631    27.9679    21.2377    1486.84 0.0000e+00
        673 152.550058     28.761    11.4100  32.223597     1.2435 1.0000e-12     2.1992    234.207     81.858     28.497    27.9580    21.2299    1486.82 0.0000e+00
        674 152.550061     28.626    11.4108  32.212442     1.2217 1.0000e-12     2.1992    234.233     81.863     28.364    27.9467    21.2210    1486.81 0.0000e+00
        675 152.550064     28.491    11.4116  32.200529     1.2208 1.0000e-12     2.1999    234.367     81.905     28.230    27.9347    21.2116    1486.80 0.0000e+00
        676 152.550067     28.356    11.4125  32.189328     1.2604 1.0000e-12     2.1998    234.370     81.902     28.096    27.9234    21.2026    1486.79 0.0000e+00
        677 152.550069     28.220    11.4134  32.179063     1.3428 1.0000e-12     2.2006    234.465     81.931     27.961    27.9129    21.1943    1486.77 0.0000e+00
        678 152.550072     28.085    11.4142  32.169640     1.3856 1.0000e-12     2.2002    234.335     81.882     27.828    27.9033    21.1867    1486.76 0.0000e+00
        679 152.550075     27.949    11.4150  32.161352     1.4260 1.0000e-12     2.2002    234.251     81.850     27.693    27.8948    21.1800    1486.75 0.0000e+00
        680 152.550078     27.814    11.4158  32.153839     1.5356 1.0000e-12     2.2004    234.190     81.826     27.559    27.8870    21.1738    1486.74 0.0000e+00
        681 152.550081     27.678    11.4165  32.146488     1.3848 1.0000e-12     2.2003    234.171     81.816     27.424    27.8795    21.1679    1486.74 0.0000e+00
        682 152.550084     27.542    11.4171  32.139097     1.3399 1.0000e-12     2.2000    234.128     81.799     27.290    27.8720    21.1620    1486.73 0.0000e+00
        683 152.550087     27.406    11.4177  32.132147     1.4330 1.0000e-12     2.2001    234.154     81.805     27.155    27.8649    21.1564    1486.72 0.0000e+00
        684 152.550090     27.270    11.4183  32.126234     1.2966 1.0000e-12     2.1994    234.105     81.786     27.020    27.8589    21.1516    1486.71 0.0000e+00
        685 152.550093     27.135    11.4188  32.121286     1.3131 1.0000e-12     2.2004    234.308     81.855     26.886    27.8538    21.1475    1486.70 0.0000e+00
