CTD_data_day2/sbe55_sbe19p_5262_20260601_re7_1m.cnv
* Sea-Bird SBE 19plus Data File:
* FileName = C:\Data\sbe55_sbe19p_5262\2026-06-01\sbe55_sbe19p_5262_20260601_re7072.hex
* Software Version SeatermAF 2.1.4
* Temperature SN = 5262
* Conductivity SN = 5262
* System UpLoad Time = Jun 01 2026 13:37:23 (localtime) = Jun 01 2026 13:37:23 (UTC)
* ds
* SeacatPlus V 1.6b  SERIAL NO. 5262    01 Jun 2026  13:36:26
# nquan = 15
# nvalues = 107                         
# units = specified
# name 0 = scan: Scan Count
# name 1 = timeJ: Julian Days
# name 2 = prdM: Pressure, Strain Gauge [db]
# name 3 = tv290C: Temperature [ITS-90, deg C]
# name 4 = c0mS/cm: Conductivity [mS/cm]
# name 5 = wetStar: Fluorescence, WET Labs WETstar [mg/m^3]
# name 6 = par: PAR/Irradiance, Biospherical/Licor [umol photons/m^2/sec]
# name 7 = sbeox0V: Oxygen raw, SBE 43 [V]
# name 8 = sbeox0Mm/L: Oxygen, SBE 43 [umol/l], WS = 2
# name 9 = sbeox0PS: Oxygen, SBE 43 [% saturation], WS = 2
# name 10 = depSM: Depth [salt water, m], lat = 56
# name 11 = sal00: Salinity, Practical [PSU]
# name 12 = sigma-é00: Density [sigma-theta, kg/m^3]
# name 13 = svCM: Sound Velocity [Chen-Millero, m/s]
# name 14 = flag: flag
# span 0 =        412,       1318       
# span 1 = 152.519049, 152.521670       
# span 2 =      1.000,     54.000       
# span 3 =    11.1027,    11.7954       
# span 4 =  26.596442,  31.774454       
# span 5 =     0.7132,     4.0699       
# span 6 = -1.638e-04, 1.4472e+02       
# span 7 =     2.1096,     2.1818       
# span 8 =    223.674,    232.845       
# span 9 =     77.517,     80.854       
# span 10 =      0.991,     53.502      
# span 11 =    22.4036,    27.6551      
# span 12 =    16.8625,    21.0305      
# span 13 =    1481.11,    1486.25      
# span 14 = 0.0000e+00, 0.0000e+00      
# interval = decibars: 1                
# start_time = Jun 01 2026 12:25:43 [Instrument's time stamp, header]
# bad_flag = -9.990e-29
*END*
        412 152.519049      1.000    11.7954  26.596442     4.0699 1.4472e+02     2.1618    231.429     78.750      0.991    22.4036    16.8625    1481.11 0.0000e+00
        425 152.519084      2.000    11.5277  28.815784     3.5280 7.3999e+01     2.1363    227.088     77.921      1.982    24.6437    18.6404    1482.84 0.0000e+00
        433 152.519110      3.000    11.3465  29.687451     2.4191 4.2216e+01     2.1320    227.543     78.239      2.973    25.5908    19.4042    1483.34 0.0000e+00
        442 152.519135      4.000    11.2914  30.035772     1.9059 2.6368e+01     2.1336    228.332     78.600      3.964    25.9602    19.6998    1483.61 0.0000e+00
        450 152.519159      5.000    11.3077  30.259405     1.7131 1.7823e+01     2.1395    229.059     78.979      4.955    26.1617    19.8533    1483.92 0.0000e+00
        459 152.519183      6.000    11.3344  30.416932     1.6348 1.2093e+01     2.1453    229.241     79.153      5.945    26.2927    19.9505    1484.19 0.0000e+00
        467 152.519206      7.000    11.3462  30.502840     1.6641 8.2619e+00     2.1473    229.084     79.156      6.936    26.3660    20.0054    1484.33 0.0000e+00
        475 152.519230      8.000    11.3524  30.559442     1.5796 5.5667e+00     2.1489    229.150     79.214      7.927    26.4151    20.0425    1484.43 0.0000e+00
        483 152.519254      9.000    11.3551  30.614993     1.5378 3.8534e+00     2.1502    229.246     79.277      8.918    26.4659    20.0814    1484.52 0.0000e+00
        492 152.519278     10.000    11.3510  30.634740     1.4990 2.7271e+00     2.1524    230.100     79.576      9.909    26.4873    20.0988    1484.55 0.0000e+00
        500 152.519302     11.000    11.3637  30.703059     1.4754 1.8529e+00     2.1598    231.754     80.199     10.900    26.5431    20.1399    1484.67 0.0000e+00
        508 152.519326     12.000    11.4040  30.854809     1.5964 1.2023e+00     2.1671    231.628     80.283     11.890    26.6586    20.2228    1484.97 0.0000e+00
        516 152.519349     13.000    11.4041  30.996166     1.5191 9.6495e-01     2.1697    231.897     80.446     12.881    26.7931    20.3271    1485.15 0.0000e+00
        524 152.519372     14.000    11.4017  31.166396     1.4631 7.3380e-01     2.1764    232.845     80.854     13.872    26.9571    20.4546    1485.36 0.0000e+00
        532 152.519395     15.000    11.4171  31.328684     1.4065 5.2305e-01     2.1796    232.301     80.765     14.863    27.1006    20.5634    1485.60 0.0000e+00
        540 152.519419     16.000    11.4039  31.534710     1.3379 3.6717e-01     2.1795    231.854     80.692     15.854    27.3070    20.7257    1485.82 0.0000e+00
        548 152.519442     17.000    11.3749  31.690769     1.2399 2.3275e-01     2.1795    231.837     80.723     16.844    27.4775    20.8629    1485.93 0.0000e+00
        556 152.519465     18.000    11.3618  31.721012     1.2605 1.8536e-01     2.1790    231.541     80.616     17.835    27.5159    20.8949    1485.95 0.0000e+00
        564 152.519489     19.000    11.3596  31.731586     1.2414 9.7250e-02     2.1741    229.896     80.046     18.826    27.5273    20.9041    1485.97 0.0000e+00
        572 152.519512     20.000    11.3230  31.726192     1.1519 5.6503e-02     2.1658    229.055     79.701     19.817    27.5490    20.9272    1485.88 0.0000e+00
        581 152.519536     21.000    11.2943  31.716671     1.0839 3.7817e-02     2.1602    228.785     79.564     20.808    27.5609    20.9413    1485.81 0.0000e+00
        589 152.519559     22.000    11.2845  31.711859     1.1084 1.2638e-02     2.1559    228.609     79.487     21.799    27.5632    20.9448    1485.79 0.0000e+00
        597 152.519583     23.000    11.2789  31.710352     1.0558 -1.638e-04     2.1545    228.721     79.518     22.789    27.5655    20.9476    1485.80 0.0000e+00
        605 152.519607     24.000    11.2716  31.708141     0.9920 -4.772e-06     2.1532    228.585     79.459     23.780    27.5686    20.9511    1485.79 0.0000e+00
        613 152.519630     25.000    11.2606  31.708832     1.0060 1.0000e-12     2.1526    228.674     79.476     24.771    27.5771    20.9596    1485.78 0.0000e+00
        621 152.519654     26.000    11.2642  31.717588     1.0152 1.0000e-12     2.1522    228.731     79.504     25.762    27.5825    20.9632    1485.81 0.0000e+00
        629 152.519677     27.000    11.2680  31.723069     1.0634 1.0000e-12     2.1528    228.862     79.557     26.752    27.5845    20.9642    1485.84 0.0000e+00
        638 152.519701     28.000    11.2670  31.724905     1.0149 1.0000e-12     2.1529    228.703     79.501     27.743    27.5866    20.9660    1485.86 0.0000e+00
        646 152.519724     29.000    11.2604  31.722541     1.0065 1.0000e-12     2.1519    228.707     79.493     28.734    27.5890    20.9689    1485.85 0.0000e+00
        654 152.519748     30.000    11.2590  31.722941     1.0373 1.0000e-12     2.1511    228.341     79.363     29.725    27.5900    20.9700    1485.87 0.0000e+00
        662 152.519772     31.000    11.2514  31.714589     0.9949 1.0000e-12     2.1478    227.747     79.143     30.716    27.5872    20.9692    1485.85 0.0000e+00
        670 152.519795     32.000    11.2306  31.700598     0.9371 1.0000e-12     2.1449    227.620     79.064     31.706    27.5890    20.9740    1485.80 0.0000e+00
        678 152.519818     33.000    11.2263  31.697961     0.9293 1.0000e-12     2.1426    227.231     78.922     32.697    27.5893    20.9750    1485.80 0.0000e+00
        686 152.519841     34.000    11.2079  31.680721     0.8755 1.0000e-12     2.1379    226.355     78.585     33.688    27.5861    20.9756    1485.75 0.0000e+00
        694 152.519864     35.000    11.1876  31.672723     0.8291 1.0000e-12     2.1337    226.237     78.513     34.679    27.5932    20.9846    1485.70 0.0000e+00
        702 152.519887     36.000    11.1860  31.678941     0.8377 1.0000e-12     2.1313    226.145     78.482     35.669    27.6000    20.9901    1485.72 0.0000e+00
        710 152.519911     37.000    11.1865  31.685449     0.8394 1.0000e-12     2.1297    225.982     78.428     36.660    27.6056    20.9944    1485.74 0.0000e+00
        718 152.519935     38.000    11.1811  31.683938     0.8376 1.0000e-12     2.1287    226.017     78.433     37.651    27.6078    20.9970    1485.74 0.0000e+00
        727 152.519959     39.000    11.1759  31.682847     0.8045 1.0000e-12     2.1277    225.864     78.372     38.641    27.6102    20.9998    1485.74 0.0000e+00
        735 152.519983     40.000    11.1739  31.681690     0.7943 1.0000e-12     2.1261    225.539     78.256     39.632    27.6103    21.0002    1485.75 0.0000e+00
        743 152.520006     41.000    11.1694  31.678669     0.8103 1.0000e-12     2.1248    225.576     78.261     40.623    27.6104    21.0011    1485.75 0.0000e+00
        752 152.520031     42.000    11.1583  31.673668     0.7737 1.0000e-12     2.1235    225.496     78.216     41.614    27.6135    21.0054    1485.73 0.0000e+00
        760 152.520055     43.000    11.1558  31.673865     0.7766 1.0000e-12     2.1222    225.094     78.073     42.604    27.6152    21.0071    1485.75 0.0000e+00
        768 152.520079     44.000    11.1435  31.667100     0.7434 1.0000e-12     2.1196    224.875     77.978     43.595    27.6175    21.0110    1485.72 0.0000e+00
        777 152.520103     45.000    11.1376  31.664408     0.7493 1.0000e-12     2.1170    224.310     77.773     44.586    27.6189    21.0131    1485.72 0.0000e+00
        785 152.520127     46.000    11.1182  31.644499     0.7258 1.0000e-12     2.1125    223.674     77.517     45.576    27.6139    21.0124    1485.66 0.0000e+00
        793 152.520152     47.000    11.1027  31.638628     0.7132 1.0000e-12     2.1096    224.256     77.696     46.567    27.6195    21.0194    1485.63 0.0000e+00
        802 152.520176     48.000    11.1146  31.655162     0.7236 1.0000e-12     2.1136    225.395     78.114     47.558    27.6262    21.0226    1485.69 0.0000e+00
        810 152.520200     49.000    11.1365  31.680331     0.7472 1.0000e-12     2.1176    225.381     78.149     48.548    27.6337    21.0248    1485.80 0.0000e+00
        818 152.520224     50.000    11.1604  31.696044     0.7982 1.0000e-12     2.1173    224.703     77.953     49.539    27.6306    21.0184    1485.89 0.0000e+00
        827 152.520248     51.000    11.1331  31.668444     0.7390 1.0000e-12     2.1171    225.599     78.214     50.530    27.6240    21.0180    1485.81 0.0000e+00
        835 152.520272     52.000    11.1559  31.705813     0.8041 1.0000e-12     2.1238    227.206     78.820     51.520    27.6426    21.0286    1485.93 0.0000e+00
        844 152.520297     53.000    11.2022  31.755175     0.8618 1.0000e-12     2.1318    227.759     79.097     52.511    27.6551    21.0305    1486.12 0.0000e+00
        860 152.520345     54.000    11.2343  31.774454     0.9075 1.0000e-12     2.1349    227.143     78.935     53.502    27.6493    21.0206    1486.25 0.0000e+00
        879 152.520400     53.000    11.2193  31.753514     0.8666 1.0000e-12     2.1321    226.416     78.652     52.511    27.6407    21.0165    1486.17 0.0000e+00
        888 152.520424     52.000    11.2099  31.747441     0.8605 1.0000e-12     2.1318    226.874     78.796     51.520    27.6423    21.0192    1486.12 0.0000e+00
        896 152.520448     51.000    11.2125  31.748560     0.8883 1.0000e-12     2.1291    225.408     78.291     50.530    27.6417    21.0183    1486.11 0.0000e+00
        905 152.520473     50.000    11.1864  31.709140     0.8273 1.0000e-12     2.1216    224.288     77.849     49.539    27.6237    21.0087    1485.98 0.0000e+00
        913 152.520498     49.000    11.1376  31.666413     0.7519 1.0000e-12     2.1154    224.035     77.677     48.548    27.6194    21.0136    1485.78 0.0000e+00
        921 152.520522     48.000    11.1192  31.652202     0.7232 1.0000e-12     2.1125    224.442     77.788     47.558    27.6199    21.0170    1485.70 0.0000e+00
        930 152.520546     47.000    11.1220  31.656908     0.7306 1.0000e-12     2.1146    225.030     77.998     46.567    27.6227    21.0187    1485.70 0.0000e+00
        938 152.520570     46.000    11.1276  31.659352     0.7623 1.0000e-12     2.1154    224.762     77.914     45.576    27.6212    21.0165    1485.70 0.0000e+00
        947 152.520595     45.000    11.1279  31.660925     0.7683 1.0000e-12     2.1158    224.985     77.992     44.586    27.6229    21.0178    1485.69 0.0000e+00
        955 152.520620     44.000    11.1419  31.676304     0.7647 1.0000e-12     2.1182    225.441     78.176     43.595    27.6276    21.0191    1485.73 0.0000e+00
        964 152.520644     43.000    11.1580  31.686198     0.7753 1.0000e-12     2.1214    225.861     78.348     42.604    27.6254    21.0147    1485.76 0.0000e+00
        972 152.520669     42.000    11.1634  31.687451     0.7964 1.0000e-12     2.1237    225.863     78.357     41.614    27.6230    21.0119    1485.76 0.0000e+00
        980 152.520693     41.000    11.1749  31.691772     0.8112 1.0000e-12     2.1256    226.011     78.426     40.623    27.6189    21.0067    1485.78 0.0000e+00
        989 152.520717     40.000    11.1856  31.694677     0.8275 1.0000e-12     2.1259    225.806     78.370     39.632    27.6140    21.0012    1485.80 0.0000e+00
        997 152.520740     39.000    11.1897  31.694830     0.8263 1.0000e-12     2.1265    225.840     78.388     38.642    27.6115    20.9985    1485.79 0.0000e+00
       1005 152.520764     38.000    11.1926  31.695432     0.8374 1.0000e-12     2.1271    226.006     78.450     37.651    27.6102    20.9970    1485.79 0.0000e+00
       1013 152.520788     37.000    11.1950  31.694333     0.8315 1.0000e-12     2.1281    226.081     78.479     36.660    27.6078    20.9947    1485.78 0.0000e+00
       1022 152.520813     36.000    11.1921  31.685195     0.8313 1.0000e-12     2.1288    226.149     78.494     35.669    27.6015    20.9902    1485.74 0.0000e+00
       1030 152.520837     35.000    11.1871  31.674806     0.8449 1.0000e-12     2.1297    226.343     78.550     34.678    27.5956    20.9865    1485.70 0.0000e+00
       1039 152.520861     34.000    11.1857  31.671271     0.8469 1.0000e-12     2.1300    226.188     78.493     33.688    27.5936    20.9852    1485.68 0.0000e+00
       1047 152.520885     33.000    11.1885  31.672035     0.8498 1.0000e-12     2.1317    226.997     78.778     32.697    27.5926    20.9839    1485.67 0.0000e+00
       1055 152.520909     32.000    11.1961  31.677810     0.8820 1.0000e-12     2.1368    227.987     79.134     31.706    27.5929    20.9828    1485.68 0.0000e+00
       1063 152.520933     31.000    11.2160  31.695576     0.8967 1.0000e-12     2.1431    228.691     79.414     30.716    27.5954    20.9815    1485.74 0.0000e+00
       1071 152.520956     30.000    11.2438  31.715618     0.9558 1.0000e-12     2.1477    228.809     79.502     29.725    27.5943    20.9759    1485.82 0.0000e+00
       1080 152.520980     29.000    11.2576  31.722525     1.0196 1.0000e-12     2.1500    228.766     79.510     28.734    27.5910    20.9710    1485.85 0.0000e+00
       1088 152.521003     28.000    11.2621  31.723002     1.0117 1.0000e-12     2.1516    228.793     79.526     27.743    27.5884    20.9682    1485.84 0.0000e+00
       1096 152.521026     27.000    11.2659  31.723347     0.9956 1.0000e-12     2.1513    228.610     79.467     26.753    27.5864    20.9660    1485.84 0.0000e+00
       1104 152.521050     26.000    11.2663  31.719921     1.0432 1.0000e-12     2.1513    228.351     79.376     25.762    27.5831    20.9634    1485.82 0.0000e+00
       1112 152.521073     25.000    11.2596  31.709784     1.0274 1.0000e-12     2.1494    228.115     79.281     24.771    27.5787    20.9610    1485.77 0.0000e+00
       1120 152.521096     24.000    11.2549  31.704595     0.9877 1.0000e-12     2.1493    228.363     79.358     23.780    27.5776    20.9609    1485.74 0.0000e+00
       1128 152.521119     23.000    11.2632  31.709565     0.9942 1.0000e-12     2.1504    228.689     79.485     22.789    27.5765    20.9587    1485.75 0.0000e+00
       1136 152.521142     22.000    11.2708  31.710334     1.0719 1.0000e-12     2.1529    229.153     79.657     21.799    27.5719    20.9538    1485.76 0.0000e+00
       1144 152.521165     21.000    11.2784  31.713128     1.0383 1.0000e-12     2.1569    229.962     79.950     20.808    27.5694    20.9506    1485.77 0.0000e+00
       1152 152.521188     20.000    11.2978  31.725053     1.1101 3.7609e-04     2.1624    230.853     80.292     19.817    27.5667    20.9452    1485.81 0.0000e+00
       1159 152.521211     19.000    11.3255  31.724912     1.1517 1.4888e-03     2.1701    231.891     80.691     18.826    27.5463    20.9247    1485.87 0.0000e+00
       1167 152.521234     18.000    11.3583  31.685208     1.2516 5.8080e-02     2.1756    232.040     80.768     17.835    27.4842    20.8709    1485.90 0.0000e+00
       1175 152.521257     17.000    11.3749  31.636226     1.2508 1.6091e-01     2.1788    232.119     80.794     16.845    27.4252    20.8223    1485.87 0.0000e+00
       1183 152.521280     16.000    11.3842  31.574020     1.2757 2.3580e-01     2.1801    232.338     80.853     15.854    27.3591    20.7694    1485.81 0.0000e+00
       1192 152.521304     15.000    11.3956  31.521788     1.3383 3.4656e-01     2.1818    232.287     80.825     14.863    27.3011    20.7225    1485.76 0.0000e+00
       1200 152.521327     14.000    11.4062  31.417602     1.4453 4.9230e-01     2.1805    231.797     80.618     13.872    27.1940    20.6376    1485.66 0.0000e+00
       1208 152.521351     13.000    11.4072  31.155833     1.4222 7.0459e-01     2.1771    231.148     80.267     12.881    26.9433    20.4430    1485.34 0.0000e+00
       1216 152.521374     12.000    11.4049  30.924674     1.4645 9.6947e-01     2.1692    229.609     79.619     11.890    26.7246    20.2738    1485.05 0.0000e+00
