CTD_data_day2/sbe55_sbe19p_5262_20260601_re5_1m.cnv
* Sea-Bird SBE 19plus Data File:
* FileName = C:\Data\sbe55_sbe19p_5262\2026-06-01\sbe55_sbe19p_5262_20260601_re5069.hex
* Software Version SeatermAF 2.1.4
* Temperature SN = 5262
* Conductivity SN = 5262
* System UpLoad Time = Jun 01 2026 09:59:08 (localtime) = Jun 01 2026 09:59:08 (UTC)
* ds
* SeacatPlus V 1.6b  SERIAL NO. 5262    01 Jun 2026  09:58:16
# nquan = 15
# nvalues = 289                         
# units = specified
# name 0 = scan: Scan Count
# name 1 = timeJ: Julian Days
# name 2 = prdM: Pressure, Strain Gauge [db]
# name 3 = tv290C: Temperature [ITS-90, deg C]
# name 4 = c0mS/cm: Conductivity [mS/cm]
# name 5 = wetStar: Fluorescence, WET Labs WETstar [mg/m^3]
# name 6 = par: PAR/Irradiance, Biospherical/Licor [umol photons/m^2/sec]
# name 7 = sbeox0V: Oxygen raw, SBE 43 [V]
# name 8 = sbeox0Mm/L: Oxygen, SBE 43 [umol/l], WS = 2
# name 9 = sbeox0PS: Oxygen, SBE 43 [% saturation], WS = 2
# name 10 = depSM: Depth [salt water, m], lat = 56
# name 11 = sal00: Salinity, Practical [PSU]
# name 12 = sigma-é00: Density [sigma-theta, kg/m^3]
# name 13 = svCM: Sound Velocity [Chen-Millero, m/s]
# name 14 = flag: flag
# span 0 =        395,       2591       
# span 1 = 152.393905, 152.400262       
# span 2 =      1.000,    145.000       
# span 3 =    10.2275,    13.0590       
# span 4 =  22.508864,  31.292816       
# span 5 =     0.2511,     4.7445       
# span 6 = -1.008e-04, 1.7517e+02       
# span 7 =     1.0729,     2.2441       
# span 8 =     78.192,    243.169       
# span 9 =     27.207,     82.470       
# span 10 =      0.991,    143.630      
# span 11 =    18.0367,    26.9616      
# span 12 =    13.2831,    20.4447      
# span 13 =    1479.44,    1487.85      
# span 14 = 0.0000e+00, 0.0000e+00      
# interval = decibars: 1                
# start_time = Jun 01 2026 09:25:35 [Instrument's time stamp, header]
# bad_flag = -9.990e-29
*END*
[from data line 97]
       1108 152.395968     98.000    11.3967  31.140665     0.3038 1.0000e-12     1.1180     84.311     29.264     97.085    26.9063    20.4177    1486.66 0.0000e+00
       1115 152.395991     99.000    11.3990  31.144701     0.3044 1.0000e-12     1.1166     83.866     29.111     98.076    26.9081    20.4188    1486.68 0.0000e+00
       1123 152.396013    100.000    11.4053  31.156533     0.3069 1.0000e-12     1.1137     83.348     28.937     99.066    26.9145    20.4227    1486.73 0.0000e+00
       1131 152.396035    101.000    11.4166  31.171530     0.3041 1.0000e-12     1.1116     83.307     28.930    100.056    26.9203    20.4253    1486.79 0.0000e+00
       1138 152.396057    102.000    11.4205  31.174556     0.3031 1.0000e-12     1.1102     82.955     28.810    101.047    26.9200    20.4244    1486.82 0.0000e+00
       1146 152.396079    103.000    11.4230  31.179729     0.3059 1.0000e-12     1.1086     82.956     28.813    102.037    26.9227    20.4261    1486.85 0.0000e+00
       1154 152.396102    104.000    11.4273  31.185863     0.3053 1.0000e-12     1.1076     82.789     28.758    103.028    26.9252    20.4273    1486.89 0.0000e+00
       1162 152.396125    105.000    11.4307  31.190188     0.3032 1.0000e-12     1.1067     82.662     28.716    104.018    26.9264    20.4278    1486.92 0.0000e+00
       1170 152.396148    106.000    11.4329  31.193304     0.3043 1.0000e-12     1.1057     82.583     28.690    105.008    26.9275    20.4282    1486.94 0.0000e+00
       1178 152.396171    107.000    11.4343  31.195370     0.3040 1.0000e-12     1.1052     82.537     28.675    105.999    26.9281    20.4284    1486.96 0.0000e+00
       1185 152.396193    108.000    11.4358  31.197408     0.3055 1.0000e-12     1.1044     82.464     28.651    106.989    26.9286    20.4286    1486.98 0.0000e+00
       1194 152.396217    109.000    11.4367  31.199205     0.3052 1.0000e-12     1.1041     82.281     28.588    107.980    26.9293    20.4290    1487.01 0.0000e+00
       1202 152.396240    110.000    11.4416  31.208766     0.3086 1.0000e-12     1.1016     81.730     28.401    108.970    26.9344    20.4322    1487.05 0.0000e+00
       1210 152.396263    111.000    11.4495  31.218978     0.3062 1.0000e-12     1.0993     81.318     28.263    109.960    26.9381    20.4338    1487.10 0.0000e+00
       1218 152.396286    112.000    11.4552  31.228018     0.3101 1.0000e-12     1.0957     80.759     28.073    110.951    26.9422    20.4360    1487.14 0.0000e+00
       1225 152.396309    113.000    11.4620  31.236522     0.3071 1.0000e-12     1.0927     80.430     27.963    111.941    26.9451    20.4371    1487.18 0.0000e+00
       1233 152.396332    114.000    11.4651  31.240524     0.3106 1.0000e-12     1.0911     80.463     27.976    112.931    26.9462    20.4375    1487.21 0.0000e+00
       1241 152.396355    115.000    11.4670  31.243161     0.3111 1.0000e-12     1.0899     80.318     27.928    113.922    26.9470    20.4378    1487.23 0.0000e+00
       1249 152.396378    116.000    11.4680  31.244543     0.3083 1.0000e-12     1.0891     80.241     27.901    114.912    26.9472    20.4378    1487.25 0.0000e+00
       1258 152.396402    117.000    11.4693  31.247210     0.3100 1.0000e-12     1.0879     79.996     27.817    115.902    26.9485    20.4386    1487.28 0.0000e+00
       1266 152.396426    118.000    11.4731  31.253095     0.3093 1.0000e-12     1.0869     80.038     27.834    116.893    26.9510    20.4399    1487.31 0.0000e+00
       1274 152.396449    119.000    11.4753  31.255575     0.3088 1.0000e-12     1.0868     79.968     27.811    117.883    26.9514    20.4399    1487.33 0.0000e+00
       1282 152.396473    120.000    11.4760  31.256877     0.3085 1.0000e-12     1.0860     79.807     27.756    118.873    26.9518    20.4401    1487.35 0.0000e+00
       1290 152.396496    121.000    11.4771  31.258694     0.3099 1.0000e-12     1.0850     79.748     27.736    119.864    26.9524    20.4404    1487.37 0.0000e+00
       1298 152.396520    122.000    11.4783  31.260749     0.3108 1.0000e-12     1.0847     79.694     27.719    120.854    26.9531    20.4407    1487.40 0.0000e+00
       1307 152.396544    123.000    11.4795  31.262624     0.3086 1.0000e-12     1.0840     79.563     27.674    121.845    26.9537    20.4410    1487.42 0.0000e+00
       1315 152.396568    124.000    11.4816  31.266011     0.3096 1.0000e-12     1.0830     79.443     27.633    122.835    26.9551    20.4417    1487.44 0.0000e+00
       1323 152.396593    125.000    11.4825  31.267091     0.3088 1.0000e-12     1.0828     79.547     27.670    123.825    26.9551    20.4416    1487.46 0.0000e+00
       1332 152.396617    126.000    11.4828  31.267583     0.3091 1.0000e-12     1.0819     79.219     27.556    124.815    26.9550    20.4415    1487.48 0.0000e+00
       1340 152.396640    127.000    11.4828  31.267891     0.3082 1.0000e-12     1.0815     79.350     27.602    125.806    26.9549    20.4414    1487.50 0.0000e+00
       1348 152.396664    128.000    11.4837  31.269935     0.3100 1.0000e-12     1.0812     79.289     27.581    126.796    26.9559    20.4421    1487.52 0.0000e+00
       1356 152.396688    129.000    11.4857  31.273134     0.3092 1.0000e-12     1.0805     79.066     27.505    127.786    26.9571    20.4427    1487.54 0.0000e+00
       1365 152.396713    130.000    11.4878  31.276101     0.3128 1.0000e-12     1.0793     78.928     27.458    128.776    26.9581    20.4431    1487.57 0.0000e+00
       1373 152.396737    131.000    11.4885  31.276794     0.3128 1.0000e-12     1.0789     79.031     27.494    129.767    26.9579    20.4429    1487.58 0.0000e+00
       1382 152.396762    132.000    11.4888  31.278033     0.3104 1.0000e-12     1.0781     78.739     27.393    130.757    26.9584    20.4433    1487.60 0.0000e+00
       1391 152.396787    133.000    11.4915  31.282505     0.3124 1.0000e-12     1.0771     78.688     27.378    131.747    26.9604    20.4443    1487.63 0.0000e+00
       1399 152.396812    134.000    11.4927  31.283725     0.3095 1.0000e-12     1.0764     78.670     27.372    132.737    26.9603    20.4441    1487.65 0.0000e+00
       1408 152.396836    135.000    11.4930  31.284459     0.3150 1.0000e-12     1.0764     78.659     27.368    133.728    26.9605    20.4442    1487.67 0.0000e+00
       1416 152.396860    136.000    11.4935  31.285381     0.3110 1.0000e-12     1.0763     78.693     27.381    134.718    26.9606    20.4443    1487.69 0.0000e+00
       1424 152.396884    137.000    11.4941  31.286411     0.3122 1.0000e-12     1.0758     78.568     27.337    135.708    26.9608    20.4444    1487.71 0.0000e+00
       1433 152.396909    138.000    11.4944  31.286930     0.3118 1.0000e-12     1.0756     78.607     27.351    136.699    26.9607    20.4442    1487.73 0.0000e+00
       1441 152.396933    139.000    11.4945  31.287229     0.3131 1.0000e-12     1.0752     78.499     27.313    137.689    26.9606    20.4442    1487.74 0.0000e+00
       1450 152.396959    140.000    11.4943  31.287661     0.3143 1.0000e-12     1.0748     78.527     27.323    138.679    26.9608    20.4443    1487.76 0.0000e+00
       1459 152.396984    141.000    11.4948  31.288507     0.3125 1.0000e-12     1.0748     78.492     27.311    139.669    26.9609    20.4443    1487.77 0.0000e+00
       1468 152.397010    142.000    11.4950  31.288866     0.3103 1.0000e-12     1.0748     78.589     27.345    140.659    26.9607    20.4442    1487.79 0.0000e+00
       1477 152.397036    143.000    11.4952  31.289664     0.3140 1.0000e-12     1.0742     78.288     27.241    141.650    26.9610    20.4444    1487.81 0.0000e+00
       1486 152.397063    144.000    11.4959  31.291115     0.3127 1.0000e-12     1.0729     78.192     27.207    142.640    26.9616    20.4447    1487.83 0.0000e+00
       1507 152.397123    145.000    11.4978  31.292816     0.3094 1.0000e-12     1.0732     78.658     27.371    143.630    26.9614    20.4444    1487.85 0.0000e+00
       1510 152.397132    144.000    11.4964  31.290679     0.3122 1.0000e-12     1.0744     78.609     27.353    142.640    26.9608    20.4440    1487.83 0.0000e+00
       1521 152.397164    143.000    11.4960  31.289888     0.3158 1.0000e-12     1.0747     78.616     27.355    141.650    26.9606    20.4440    1487.81 0.0000e+00
       1531 152.397193    142.000    11.4953  31.288544     0.3108 1.0000e-12     1.0753     78.660     27.370    140.660    26.9602    20.4438    1487.79 0.0000e+00
       1540 152.397221    141.000    11.4947  31.287611     0.3109 1.0000e-12     1.0754     78.616     27.354    139.669    26.9601    20.4437    1487.78 0.0000e+00
       1550 152.397248    140.000    11.4946  31.287114     0.3121 1.0000e-12     1.0756     78.707     27.386    138.679    26.9600    20.4437    1487.76 0.0000e+00
       1559 152.397274    139.000    11.4944  31.286672     0.3116 1.0000e-12     1.0755     78.543     27.329    137.689    26.9601    20.4438    1487.74 0.0000e+00
       1568 152.397299    138.000    11.4945  31.286436     0.3119 1.0000e-12     1.0749     78.482     27.307    136.699    26.9602    20.4438    1487.72 0.0000e+00
       1576 152.397324    137.000    11.4945  31.286292     0.3122 1.0000e-12     1.0750     78.571     27.339    135.708    26.9604    20.4439    1487.71 0.0000e+00
       1585 152.397349    136.000    11.4943  31.285734     0.3099 1.0000e-12     1.0751     78.565     27.336    134.718    26.9604    20.4439    1487.69 0.0000e+00
       1594 152.397374    135.000    11.4941  31.285246     0.3110 1.0000e-12     1.0754     78.581     27.342    133.728    26.9604    20.4439    1487.67 0.0000e+00
       1602 152.397399    134.000    11.4940  31.284628     0.3122 1.0000e-12     1.0756     78.657     27.368    132.738    26.9603    20.4439    1487.66 0.0000e+00
       1611 152.397424    133.000    11.4937  31.283961     0.3125 1.0000e-12     1.0756     78.486     27.308    131.747    26.9602    20.4438    1487.64 0.0000e+00
       1619 152.397448    132.000    11.4934  31.283217     0.3113 1.0000e-12     1.0754     78.631     27.359    130.757    26.9600    20.4437    1487.62 0.0000e+00
       1627 152.397471    131.000    11.4926  31.281361     0.3113 1.0000e-12     1.0763     78.804     27.418    129.767    26.9592    20.4432    1487.60 0.0000e+00
       1635 152.397495    130.000    11.4912  31.279164     0.3119 1.0000e-12     1.0773     78.892     27.448    128.776    26.9585    20.4429    1487.58 0.0000e+00
       1644 152.397519    129.000    11.4900  31.277052     0.3122 1.0000e-12     1.0776     78.965     27.472    127.786    26.9577    20.4425    1487.56 0.0000e+00
       1652 152.397542    128.000    11.4886  31.274944     0.3133 1.0000e-12     1.0793     79.309     27.591    126.796    26.9570    20.4422    1487.54 0.0000e+00
       1660 152.397566    127.000    11.4871  31.272499     0.3121 1.0000e-12     1.0797     79.117     27.523    125.806    26.9562    20.4417    1487.51 0.0000e+00
       1668 152.397590    126.000    11.4858  31.270379     0.3079 1.0000e-12     1.0805     79.381     27.614    124.815    26.9555    20.4414    1487.49 0.0000e+00
       1676 152.397614    125.000    11.4844  31.268238     0.3104 1.0000e-12     1.0813     79.426     27.629    123.825    26.9548    20.4411    1487.47 0.0000e+00
       1685 152.397638    124.000    11.4830  31.265579     0.3111 1.0000e-12     1.0821     79.584     27.683    122.835    26.9537    20.4404    1487.45 0.0000e+00
       1693 152.397661    123.000    11.4811  31.262924     0.3108 1.0000e-12     1.0828     79.703     27.723    121.844    26.9528    20.4400    1487.42 0.0000e+00
       1701 152.397685    122.000    11.4797  31.260931     0.3075 1.0000e-12     1.0841     79.799     27.755    120.854    26.9523    20.4398    1487.40 0.0000e+00
       1709 152.397709    121.000    11.4788  31.259351     0.3100 1.0000e-12     1.0842     79.760     27.742    119.864    26.9518    20.4396    1487.38 0.0000e+00
       1718 152.397734    120.000    11.4779  31.257899     0.3091 1.0000e-12     1.0849     79.906     27.791    118.873    26.9514    20.4395    1487.36 0.0000e+00
       1726 152.397759    119.000    11.4771  31.256447     0.3107 1.0000e-12     1.0854     79.926     27.798    117.883    26.9510    20.4392    1487.34 0.0000e+00
       1735 152.397783    118.000    11.4757  31.253969     0.3106 1.0000e-12     1.0859     80.027     27.832    116.893    26.9500    20.4387    1487.32 0.0000e+00
       1743 152.397808    117.000    11.4738  31.250766     0.3092 1.0000e-12     1.0867     80.097     27.855    115.903    26.9486    20.4379    1487.29 0.0000e+00
       1752 152.397832    116.000    11.4716  31.247589     0.3078 1.0000e-12     1.0872     80.214     27.894    114.912    26.9476    20.4374    1487.27 0.0000e+00
       1760 152.397856    115.000    11.4701  31.245523     0.3049 1.0000e-12     1.0878     80.290     27.920    113.922    26.9470    20.4373    1487.24 0.0000e+00
       1768 152.397879    114.000    11.4683  31.242041     0.3092 1.0000e-12     1.0893     80.706     28.063    112.932    26.9454    20.4363    1487.22 0.0000e+00
       1776 152.397903    113.000    11.4644  31.235490     0.3119 1.0000e-12     1.0914     80.967     28.151    111.941    26.9424    20.4346    1487.19 0.0000e+00
       1784 152.397927    112.000    11.4607  31.230736     0.3062 1.0000e-12     1.0929     81.100     28.194    110.951    26.9409    20.4340    1487.16 0.0000e+00
       1793 152.397950    111.000    11.4584  31.227146     0.3098 1.0000e-12     1.0944     81.449     28.314    109.960    26.9394    20.4333    1487.13 0.0000e+00
       1801 152.397974    110.000    11.4542  31.220087     0.3082 1.0000e-12     1.0969     81.839     28.447    108.970    26.9361    20.4314    1487.09 0.0000e+00
       1809 152.397997    109.000    11.4487  31.212307     0.3054 1.0000e-12     1.0992     82.099     28.533    107.980    26.9330    20.4299    1487.05 0.0000e+00
       1817 152.398020    108.000    11.4453  31.208145     0.3077 1.0000e-12     1.1004     82.064     28.518    106.989    26.9319    20.4296    1487.02 0.0000e+00
       1825 152.398043    107.000    11.4432  31.204953     0.3074 1.0000e-12     1.1008     82.075     28.521    105.999    26.9308    20.4291    1487.00 0.0000e+00
       1832 152.398065    106.000    11.4411  31.201735     0.3049 1.0000e-12     1.1015     82.238     28.576    105.008    26.9295    20.4284    1486.97 0.0000e+00
       1840 152.398088    105.000    11.4385  31.197441     0.3055 1.0000e-12     1.1025     82.394     28.628    104.018    26.9277    20.4274    1486.95 0.0000e+00
       1848 152.398110    104.000    11.4344  31.191521     0.3041 1.0000e-12     1.1035     82.496     28.661    103.028    26.9253    20.4262    1486.91 0.0000e+00
       1855 152.398132    103.000    11.4318  31.187703     0.3020 1.0000e-12     1.1043     82.699     28.729    102.037    26.9240    20.4257    1486.88 0.0000e+00
       1863 152.398153    102.000    11.4287  31.182685     0.3020 1.0000e-12     1.1059     82.996     28.830    101.047    26.9218    20.4244    1486.85 0.0000e+00
       1870 152.398175    101.000    11.4250  31.177290     0.3042 1.0000e-12     1.1075     83.097     28.862    100.056    26.9197    20.4234    1486.82 0.0000e+00
       1878 152.398198    100.000    11.4211  31.171031     0.3042 1.0000e-12     1.1084     83.381     28.958     99.066    26.9169    20.4219    1486.79 0.0000e+00
       1886 152.398220     99.000    11.4165  31.163880     0.3043 1.0000e-12     1.1108     83.674     29.057     98.076    26.9138    20.4202    1486.75 0.0000e+00
       1894 152.398243     98.000    11.4102  31.154410     0.3053 1.0000e-12     1.1124     83.851     29.113     97.085    26.9097    20.4180    1486.71 0.0000e+00
