CTD_data_day2/sbe55_sbe19p_5262_20260601_re7.cnv
* Sea-Bird SBE 19plus Data File:
* FileName = C:\Data\sbe55_sbe19p_5262\2026-06-01\sbe55_sbe19p_5262_20260601_re7072.hex
* Software Version SeatermAF 2.1.4
* Temperature SN = 5262
* Conductivity SN = 5262
* System UpLoad Time = Jun 01 2026 13:37:23 (localtime) = Jun 01 2026 13:37:23 (UTC)
* ds
* SeacatPlus V 1.6b  SERIAL NO. 5262    01 Jun 2026  13:36:26
# nquan = 15                                
# nvalues = 1074                        
# units = specified
# name 0 = scan: Scan Count
# name 1 = timeJ: Julian Days
# name 2 = prdM: Pressure, Strain Gauge [db]
# name 3 = tv290C: Temperature [ITS-90, deg C]
# name 4 = c0mS/cm: Conductivity [mS/cm]
# name 5 = wetStar: Fluorescence, WET Labs WETstar [mg/m^3]
# name 6 = par: PAR/Irradiance, Biospherical/Licor [umol photons/m^2/sec]
# name 7 = sbeox0V: Oxygen raw, SBE 43 [V]
# name 8 = sbeox0Mm/L: Oxygen, SBE 43 [umol/l], WS = 2
# name 9 = sbeox0PS: Oxygen, SBE 43 [% saturation], WS = 2
# name 10 = depSM: Depth [salt water, m], lat = 56
# name 11 = sal00: Salinity, Practical [PSU]
# name 12 = sigma-é00: Density [sigma-theta, kg/m^3]
# name 13 = svCM: Sound Velocity [Chen-Millero, m/s]
# name 14 = flag: flag
# span 0 =        301,       1374       
# span 1 = 152.518727, 152.521832       
# span 2 =     -0.224,     54.511       
# span 3 =    11.1015,    12.1797       
# span 4 =   2.791448,  31.786855       
# span 5 =     0.0215,     4.1645       
# span 6 = 1.0000e-12, 4.1715e+02       
# span 7 =     1.9792,     2.1912       
# span 8 =    207.890,    240.451       
# span 9 =     69.791,     81.416       
# span 10 =     -0.222,     54.008      
# span 11 =     1.9951,    27.6614      
# span 12 =     1.1099,    21.0350      
# span 13 =    1455.66,    1486.29      
# span 14 = 0.0000e+00, 0.0000e+00      
# interval = seconds: 0.25
# start_time = Jun 01 2026 12:25:43 [Instrument's time stamp, header]
# bad_flag = -9.990e-29
*END*
[from data line 772]
       1073 152.520961     29.805    11.2485  31.718549     0.9304 1.0000e-12     2.1480    228.685     79.467     29.532    27.5937    20.9746    1485.83 0.0000e+00
       1074 152.520964     29.682    11.2507  31.719704     0.9559 1.0000e-12     2.1490    228.804     79.512     29.410    27.5932    20.9739    1485.84 0.0000e+00
       1075 152.520966     29.558    11.2526  31.720654     0.9926 1.0000e-12     2.1490    228.800     79.514     29.287    27.5927    20.9732    1485.84 0.0000e+00
       1076 152.520969     29.434    11.2542  31.721377     0.9699 1.0000e-12     2.1492    228.785     79.511     29.164    27.5923    20.9726    1485.84 0.0000e+00
       1077 152.520972     29.310    11.2555  31.721951     0.9815 1.0000e-12     2.1492    228.764     79.506     29.041    27.5919    20.9721    1485.85 0.0000e+00
       1078 152.520975     29.186    11.2567  31.722401     0.9843 1.0000e-12     2.1500    228.797     79.519     28.918    27.5915    20.9715    1485.85 0.0000e+00
       1079 152.520978     29.063    11.2576  31.722688     0.9625 1.0000e-12     2.1501    228.769     79.511     28.797    27.5911    20.9711    1485.85 0.0000e+00
       1080 152.520981     28.939    11.2584  31.722849     0.9699 1.0000e-12     2.1504    228.751     79.506     28.674    27.5907    20.9707    1485.85 0.0000e+00
       1081 152.520984     28.815    11.2590  31.722937     1.0260 1.0000e-12     2.1504    228.743     79.503     28.551    27.5904    20.9703    1485.85 0.0000e+00
       1082 152.520987     28.691    11.2595  31.722980     1.1137 1.0000e-12     2.1505    228.768     79.513     28.428    27.5901    20.9700    1485.85 0.0000e+00
       1083 152.520990     28.568    11.2600  31.722980     1.1483 1.0000e-12     2.1503    228.755     79.509     28.306    27.5898    20.9697    1485.85 0.0000e+00
       1084 152.520992     28.444    11.2605  31.722942     1.0350 1.0000e-12     2.1504    228.815     79.531     28.183    27.5894    20.9693    1485.85 0.0000e+00
       1085 152.520995     28.319    11.2609  31.722902     1.0231 1.0000e-12     2.1511    228.940     79.575     28.059    27.5892    20.9690    1485.85 0.0000e+00
       1086 152.520998     28.195    11.2614  31.722889     1.0049 1.0000e-12     2.1518    229.056     79.616     27.937    27.5888    20.9686    1485.85 0.0000e+00
       1087 152.521001     28.072    11.2618  31.722914     1.0099 1.0000e-12     2.1515    228.925     79.571     27.815    27.5886    20.9684    1485.84 0.0000e+00
       1088 152.521004     27.949    11.2623  31.722976     0.9839 1.0000e-12     2.1521    228.872     79.553     27.693    27.5883    20.9681    1485.84 0.0000e+00
       1089 152.521007     27.826    11.2628  31.723040     1.0342 1.0000e-12     2.1520    228.709     79.497     27.571    27.5880    20.9678    1485.84 0.0000e+00
       1090 152.521010     27.703    11.2633  31.723118     1.0288 1.0000e-12     2.1523    228.607     79.462     27.449    27.5878    20.9675    1485.84 0.0000e+00
       1091 152.521013     27.581    11.2637  31.723193     0.9745 1.0000e-12     2.1514    228.420     79.398     27.328    27.5876    20.9673    1485.84 0.0000e+00
       1092 152.521016     27.459    11.2642  31.723268     0.9856 1.0000e-12     2.1513    228.413     79.396     27.207    27.5874    20.9670    1485.84 0.0000e+00
       1093 152.521019     27.337    11.2647  31.723359     0.9815 1.0000e-12     2.1513    228.516     79.433     27.086    27.5871    20.9667    1485.84 0.0000e+00
       1094 152.521021     27.214    11.2652  31.723454     1.0152 1.0000e-12     2.1507    228.517     79.434     26.965    27.5869    20.9665    1485.84 0.0000e+00
       1095 152.521024     27.092    11.2656  31.723519     0.9736 1.0000e-12     2.1507    228.578     79.456     26.844    27.5867    20.9663    1485.84 0.0000e+00
       1096 152.521027     26.970    11.2661  31.723529     0.9926 1.0000e-12     2.1516    228.726     79.508     26.723    27.5864    20.9659    1485.84 0.0000e+00
       1097 152.521030     26.848    11.2665  31.723430     1.0012 1.0000e-12     2.1520    228.790     79.531     26.602    27.5860    20.9656    1485.84 0.0000e+00
       1098 152.521033     26.726    11.2668  31.723216     1.0235 1.0000e-12     2.1519    228.770     79.524     26.481    27.5856    20.9652    1485.84 0.0000e+00
       1099 152.521036     26.604    11.2669  31.722912     0.9959 1.0000e-12     2.1512    228.614     79.470     26.360    27.5853    20.9650    1485.84 0.0000e+00
       1100 152.521039     26.482    11.2670  31.722535     0.9901 1.0000e-12     2.1516    228.533     79.442     26.239    27.5849    20.9646    1485.83 0.0000e+00
       1101 152.521042     26.359    11.2670  31.722072     1.0173 1.0000e-12     2.1516    228.528     79.440     26.117    27.5845    20.9643    1485.83 0.0000e+00
       1102 152.521045     26.236    11.2669  31.721518     1.0330 1.0000e-12     2.1515    228.486     79.425     25.996    27.5841    20.9640    1485.83 0.0000e+00
       1103 152.521047     26.113    11.2667  31.720863     1.0758 1.0000e-12     2.1517    228.486     79.424     25.874    27.5837    20.9637    1485.82 0.0000e+00
       1104 152.521050     25.989    11.2664  31.720048     1.0247 1.0000e-12     2.1510    228.291     79.356     25.751    27.5831    20.9634    1485.82 0.0000e+00
       1105 152.521053     25.866    11.2660  31.719055     1.1252 1.0000e-12     2.1515    228.320     79.365     25.629    27.5825    20.9630    1485.82 0.0000e+00
       1106 152.521056     25.742    11.2654  31.717926     1.0280 1.0000e-12     2.1507    228.166     79.310     25.506    27.5819    20.9626    1485.81 0.0000e+00
       1107 152.521059     25.619    11.2646  31.716698     1.0330 1.0000e-12     2.1505    228.100     79.285     25.384    27.5814    20.9623    1485.81 0.0000e+00
       1108 152.521062     25.495    11.2637  31.715409     1.0391 1.0000e-12     2.1502    228.079     79.276     25.261    27.5809    20.9620    1485.80 0.0000e+00
       1109 152.521065     25.371    11.2628  31.714045     1.0099 1.0000e-12     2.1501    228.037     79.260     25.139    27.5803    20.9617    1485.79 0.0000e+00
       1110 152.521068     25.247    11.2617  31.712573     1.0733 1.0000e-12     2.1497    228.042     79.259     25.016    27.5797    20.9615    1485.79 0.0000e+00
       1111 152.521071     25.122    11.2606  31.711022     1.0383 1.0000e-12     2.1494    228.081     79.271     24.892    27.5791    20.9612    1485.78 0.0000e+00
       1112 152.521073     24.996    11.2595  31.709413     1.0058 1.0000e-12     2.1493    228.102     79.276     24.767    27.5784    20.9608    1485.77 0.0000e+00
       1113 152.521076     24.871    11.2583  31.707906     0.9728 1.0000e-12     2.1490    228.132     79.284     24.643    27.5779    20.9607    1485.77 0.0000e+00
       1114 152.521079     24.745    11.2571  31.706693     1.0136 1.0000e-12     2.1489    228.214     79.310     24.518    27.5777    20.9607    1485.76 0.0000e+00
       1115 152.521082     24.620    11.2562  31.705792     1.0721 1.0000e-12     2.1495    228.347     79.355     24.395    27.5776    20.9607    1485.76 0.0000e+00
       1116 152.521085     24.494    11.2554  31.705126     0.9675 1.0000e-12     2.1489    228.269     79.326     24.270    27.5776    20.9608    1485.75 0.0000e+00
       1117 152.521088     24.369    11.2549  31.704614     0.9366 1.0000e-12     2.1493    228.369     79.360     24.146    27.5775    20.9609    1485.75 0.0000e+00
       1118 152.521091     24.243    11.2546  31.704236     1.0054 1.0000e-12     2.1495    228.351     79.353     24.021    27.5774    20.9608    1485.74 0.0000e+00
       1119 152.521094     24.118    11.2545  31.704084     1.0375 1.0000e-12     2.1493    228.315     79.341     23.897    27.5774    20.9608    1485.74 0.0000e+00
       1120 152.521097     23.992    11.2546  31.704265     0.9946 1.0000e-12     2.1491    228.302     79.336     23.772    27.5775    20.9609    1485.74 0.0000e+00
       1121 152.521100     23.865    11.2550  31.704804     1.0107 1.0000e-12     2.1496    228.377     79.363     23.646    27.5778    20.9611    1485.74 0.0000e+00
       1122 152.521102     23.738    11.2558  31.705571     0.9745 1.0000e-12     2.1490    228.342     79.353     23.521    27.5780    20.9611    1485.74 0.0000e+00
       1123 152.521105     23.611    11.2568  31.706399     0.9909 1.0000e-12     2.1496    228.485     79.404     23.395    27.5781    20.9610    1485.74 0.0000e+00
       1124 152.521108     23.484    11.2580  31.707246     0.9258 1.0000e-12     2.1493    228.463     79.398     23.269    27.5780    20.9608    1485.74 0.0000e+00
       1125 152.521111     23.356    11.2594  31.708109     1.0243 1.0000e-12     2.1499    228.584     79.443     23.142    27.5779    20.9604    1485.75 0.0000e+00
       1126 152.521114     23.229    11.2608  31.708918     1.0107 1.0000e-12     2.1502    228.675     79.477     23.016    27.5776    20.9600    1485.75 0.0000e+00
       1127 152.521117     23.101    11.2623  31.709585     0.9555 1.0000e-12     2.1503    228.661     79.474     22.890    27.5772    20.9594    1485.75 0.0000e+00
       1128 152.521120     22.974    11.2638  31.710059     0.9534 1.0000e-12     2.1503    228.676     79.482     22.764    27.5766    20.9586    1485.75 0.0000e+00
       1129 152.521123     22.846    11.2652  31.710341     1.0214 1.0000e-12     2.1510    228.734     79.504     22.637    27.5759    20.9578    1485.76 0.0000e+00
       1130 152.521126     22.718    11.2664  31.710460     1.0503 1.0000e-12     2.1510    228.785     79.523     22.510    27.5751    20.9571    1485.76 0.0000e+00
       1131 152.521128     22.590    11.2675  31.710479     1.0111 1.0000e-12     2.1512    228.839     79.543     22.383    27.5744    20.9563    1485.76 0.0000e+00
       1132 152.521131     22.462    11.2684  31.710463     1.0416 1.0000e-12     2.1515    228.893     79.563     22.256    27.5737    20.9556    1485.76 0.0000e+00
       1133 152.521134     22.334    11.2691  31.710421     1.0198 1.0000e-12     2.1517    228.929     79.577     22.130    27.5732    20.9551    1485.76 0.0000e+00
       1134 152.521137     22.207    11.2698  31.710355     1.0222 1.0000e-12     2.1526    229.078     79.630     22.004    27.5727    20.9546    1485.76 0.0000e+00
       1135 152.521140     22.080    11.2704  31.710286     1.0363 1.0000e-12     2.1526    229.123     79.646     21.878    27.5722    20.9541    1485.76 0.0000e+00
       1136 152.521143     21.954    11.2710  31.710223     1.0218 1.0000e-12     2.1529    229.140     79.653     21.753    27.5717    20.9537    1485.76 0.0000e+00
       1137 152.521146     21.828    11.2716  31.710181     1.1380 1.0000e-12     2.1535    229.259     79.695     21.628    27.5713    20.9532    1485.76 0.0000e+00
       1138 152.521149     21.702    11.2723  31.710227     1.1702 1.0000e-12     2.1536    229.279     79.703     21.503    27.5709    20.9528    1485.76 0.0000e+00
       1139 152.521152     21.576    11.2731  31.710390     1.1149 1.0000e-12     2.1545    229.461     79.768     21.379    27.5705    20.9523    1485.76 0.0000e+00
       1140 152.521155     21.450    11.2740  31.710638     1.0486 1.0000e-12     2.1543    229.462     79.769     21.254    27.5701    20.9519    1485.76 0.0000e+00
       1141 152.521157     21.324    11.2749  31.710958     1.0305 1.0000e-12     2.1554    229.687     79.849     21.129    27.5698    20.9515    1485.76 0.0000e+00
       1142 152.521160     21.198    11.2760  31.711410     1.0000 1.0000e-12     2.1558    229.749     79.872     21.004    27.5694    20.9510    1485.76 0.0000e+00
       1143 152.521163     21.073    11.2771  31.712056     1.0004 1.0000e-12     2.1563    229.903     79.927     20.880    27.5693    20.9507    1485.76 0.0000e+00
       1144 152.521166     20.947    11.2784  31.712958     0.9679 1.0000e-12     2.1569    230.145     80.014     20.755    27.5692    20.9504    1485.76 0.0000e+00
       1145 152.521169     20.822    11.2800  31.714137     1.0486 1.0000e-12     2.1581    230.171     80.026     20.631    27.5692    20.9501    1485.77 0.0000e+00
       1146 152.521172     20.696    11.2818  31.715530     1.1166 1.0000e-12     2.1579    230.143     80.019     20.507    27.5692    20.9499    1485.77 0.0000e+00
       1147 152.521175     20.570    11.2840  31.717117     1.0964 1.0000e-12     2.1598    230.371     80.102     20.382    27.5692    20.9494    1485.78 0.0000e+00
       1148 152.521178     20.444    11.2865  31.718916     1.1891 1.0000e-12     2.1611    230.536     80.164     20.257    27.5691    20.9489    1485.78 0.0000e+00
       1149 152.521181     20.318    11.2893  31.720843     1.0536 1.1949e-04     2.1595    230.298     80.086     20.132    27.5689    20.9483    1485.79 0.0000e+00
       1150 152.521183     20.191    11.2924  31.722820     1.1088 1.9455e-04     2.1611    230.518     80.167     20.006    27.5685    20.9475    1485.80 0.0000e+00
       1151 152.521186     20.065    11.2958  31.724773     1.0742 2.8470e-04     2.1616    230.616     80.207     19.881    27.5679    20.9465    1485.81 0.0000e+00
       1152 152.521189     19.938    11.2993  31.726514     1.1755 4.0506e-04     2.1627    230.887     80.307     19.756    27.5670    20.9452    1485.82 0.0000e+00
       1153 152.521192     19.812    11.3028  31.727887     1.0894 4.6530e-04     2.1636    231.207     80.424     19.631    27.5658    20.9436    1485.83 0.0000e+00
       1154 152.521195     19.686    11.3062  31.728901     1.0795 6.7647e-04     2.1639    231.211     80.430     19.506    27.5643    20.9419    1485.84 0.0000e+00
       1155 152.521198     19.560    11.3095  31.729605     1.1096 8.5790e-04     2.1660    231.537     80.548     19.381    27.5625    20.9400    1485.84 0.0000e+00
       1156 152.521201     19.435    11.3128  31.729952     1.0853 1.1459e-03     2.1667    231.615     80.580     19.257    27.5604    20.9378    1485.85 0.0000e+00
       1157 152.521204     19.309    11.3162  31.729834     1.1393 1.2827e-03     2.1677    231.763     80.636     19.132    27.5578    20.9352    1485.86 0.0000e+00
       1158 152.521207     19.184    11.3196  31.729168     1.1034 1.3892e-03     2.1686    231.867     80.677     19.009    27.5547    20.9322    1485.86 0.0000e+00
       1159 152.521209     19.059    11.3232  31.727906     1.1706 1.4197e-03     2.1697    231.867     80.681     18.885    27.5509    20.9286    1485.87 0.0000e+00
       1160 152.521212     18.934    11.3269  31.725951     1.1879 1.3740e-03     2.1706    231.964     80.719     18.761    27.5463    20.9244    1485.88 0.0000e+00
       1161 152.521215     18.809    11.3310  31.723145     1.1215 1.6332e-03     2.1718    232.040     80.750     18.637    27.5406    20.9193    1485.88 0.0000e+00
       1162 152.521218     18.684    11.3352  31.719241     1.1553 1.7555e-03     2.1726    232.073     80.765     18.513    27.5337    20.9133    1485.89 0.0000e+00
       1163 152.521221     18.560    11.3397  31.714096     1.2517 1.9392e-03     2.1729    231.964     80.731     18.390    27.5255    20.9061    1485.89 0.0000e+00
       1164 152.521224     18.435    11.3443  31.707921     1.2661 2.2770e-03     2.1740    232.032     80.757     18.266    27.5162    20.8981    1485.89 0.0000e+00
       1165 152.521227     18.310    11.3490  31.701197     1.2818 2.7706e-03     2.1744    231.988     80.745     18.143    27.5063    20.8896    1485.90 0.0000e+00
       1166 152.521230     18.186    11.3536  31.694156     1.1936 2.6624e-03     2.1752    232.021     80.759     18.020    27.4962    20.8810    1485.90 0.0000e+00
       1167 152.521233     18.061    11.3578  31.687219     1.2888 6.8966e-02     2.1751    231.955     80.739     17.896    27.4864    20.8727    1485.90 0.0000e+00
