CTD_data_day2/sbe55_sbe19p_5262_20260601_re7.cnv
* Sea-Bird SBE 19plus Data File:
* FileName = C:\Data\sbe55_sbe19p_5262\2026-06-01\sbe55_sbe19p_5262_20260601_re7072.hex
* Software Version SeatermAF 2.1.4
* Temperature SN = 5262
* Conductivity SN = 5262
* System UpLoad Time = Jun 01 2026 13:37:23 (localtime) = Jun 01 2026 13:37:23 (UTC)
* ds
* SeacatPlus V 1.6b  SERIAL NO. 5262    01 Jun 2026  13:36:26
# nquan = 15                                
# nvalues = 1074                        
# units = specified
# name 0 = scan: Scan Count
# name 1 = timeJ: Julian Days
# name 2 = prdM: Pressure, Strain Gauge [db]
# name 3 = tv290C: Temperature [ITS-90, deg C]
# name 4 = c0mS/cm: Conductivity [mS/cm]
# name 5 = wetStar: Fluorescence, WET Labs WETstar [mg/m^3]
# name 6 = par: PAR/Irradiance, Biospherical/Licor [umol photons/m^2/sec]
# name 7 = sbeox0V: Oxygen raw, SBE 43 [V]
# name 8 = sbeox0Mm/L: Oxygen, SBE 43 [umol/l], WS = 2
# name 9 = sbeox0PS: Oxygen, SBE 43 [% saturation], WS = 2
# name 10 = depSM: Depth [salt water, m], lat = 56
# name 11 = sal00: Salinity, Practical [PSU]
# name 12 = sigma-é00: Density [sigma-theta, kg/m^3]
# name 13 = svCM: Sound Velocity [Chen-Millero, m/s]
# name 14 = flag: flag
# span 0 =        301,       1374       
# span 1 = 152.518727, 152.521832       
# span 2 =     -0.224,     54.511       
# span 3 =    11.1015,    12.1797       
# span 4 =   2.791448,  31.786855       
# span 5 =     0.0215,     4.1645       
# span 6 = 1.0000e-12, 4.1715e+02       
# span 7 =     1.9792,     2.1912       
# span 8 =    207.890,    240.451       
# span 9 =     69.791,     81.416       
# span 10 =     -0.222,     54.008      
# span 11 =     1.9951,    27.6614      
# span 12 =     1.1099,    21.0350      
# span 13 =    1455.66,    1486.29      
# span 14 = 0.0000e+00, 0.0000e+00      
# interval = seconds: 0.25
# start_time = Jun 01 2026 12:25:43 [Instrument's time stamp, header]
# bad_flag = -9.990e-29
*END*
[from data line 579]
        880 152.520402     52.890    11.2168  31.750795     0.8381 1.0000e-12     2.1313    226.372     78.633     52.402    27.6400    21.0163    1486.15 0.0000e+00
        881 152.520405     52.772    11.2148  31.749291     0.8682 1.0000e-12     2.1307    226.393     78.637     52.285    27.6401    21.0167    1486.15 0.0000e+00
        882 152.520408     52.654    11.2131  31.748129     0.8533 1.0000e-12     2.1313    226.565     78.693     52.168    27.6403    21.0172    1486.14 0.0000e+00
        883 152.520411     52.536    11.2118  31.747195     0.8340 1.0000e-12     2.1312    226.756     78.758     52.051    27.6404    21.0175    1486.13 0.0000e+00
        884 152.520414     52.418    11.2107  31.746486     0.8785 1.0000e-12     2.1312    226.875     78.797     51.934    27.6406    21.0178    1486.13 0.0000e+00
        885 152.520417     52.300    11.2098  31.746166     0.8467 1.0000e-12     2.1313    226.948     78.821     51.818    27.6410    21.0183    1486.12 0.0000e+00
        886 152.520420     52.181    11.2093  31.746310     0.9205 1.0000e-12     2.1313    226.929     78.814     51.700    27.6416    21.0188    1486.12 0.0000e+00
        887 152.520422     52.063    11.2091  31.746775     0.8426 1.0000e-12     2.1319    226.989     78.835     51.583    27.6422    21.0193    1486.12 0.0000e+00
        888 152.520425     51.945    11.2093  31.747411     0.8550 1.0000e-12     2.1324    226.991     78.836     51.466    27.6427    21.0197    1486.12 0.0000e+00
        889 152.520428     51.828    11.2098  31.748123     0.8393 1.0000e-12     2.1322    226.901     78.806     51.350    27.6431    21.0199    1486.12 0.0000e+00
        890 152.520431     51.710    11.2105  31.748873     0.8426 1.0000e-12     2.1323    226.821     78.780     51.233    27.6433    21.0199    1486.12 0.0000e+00
        891 152.520434     51.592    11.2112  31.749616     0.8591 1.0000e-12     2.1319    226.518     78.676     51.116    27.6435    21.0200    1486.12 0.0000e+00
        892 152.520437     51.474    11.2119  31.750271     0.8216 1.0000e-12     2.1317    226.226     78.576     50.999    27.6437    21.0200    1486.12 0.0000e+00
        893 152.520440     51.356    11.2126  31.750730     0.8381 1.0000e-12     2.1319    226.090     78.529     50.882    27.6436    21.0198    1486.12 0.0000e+00
        894 152.520443     51.238    11.2131  31.750907     0.8455 1.0000e-12     2.1316    225.866     78.452     50.765    27.6435    21.0196    1486.12 0.0000e+00
        895 152.520446     51.120    11.2134  31.750782     0.9073 1.0000e-12     2.1299    225.518     78.332     50.649    27.6432    21.0193    1486.12 0.0000e+00
        896 152.520448     51.002    11.2135  31.750303     0.9044 1.0000e-12     2.1286    225.235     78.233     50.532    27.6427    21.0189    1486.11 0.0000e+00
        897 152.520451     50.884    11.2134  31.749341     0.8809 1.0000e-12     2.1283    225.122     78.194     50.415    27.6419    21.0183    1486.11 0.0000e+00
        898 152.520454     50.766    11.2129  31.747738     0.9324 1.0000e-12     2.1273    224.939     78.129     50.298    27.6407    21.0175    1486.11 0.0000e+00
        899 152.520457     50.648    11.2119  31.745270     0.9864 1.0000e-12     2.1268    224.901     78.113     50.181    27.6392    21.0165    1486.10 0.0000e+00
        900 152.520460     50.531    11.2102  31.741678     0.8776 1.0000e-12     2.1260    224.800     78.074     50.065    27.6370    21.0151    1486.09 0.0000e+00
        901 152.520463     50.413    11.2076  31.736674     0.8443 1.0000e-12     2.1251    224.623     78.007     49.948    27.6342    21.0133    1486.07 0.0000e+00
        902 152.520466     50.296    11.2038  31.729857     0.9415 1.0000e-12     2.1235    224.380     77.914     49.832    27.6305    21.0111    1486.05 0.0000e+00
        903 152.520469     50.178    11.1985  31.721587     0.8031 1.0000e-12     2.1226    224.299     77.875     49.715    27.6266    21.0089    1486.03 0.0000e+00
        904 152.520472     50.061    11.1918  31.713116     0.8735 1.0000e-12     2.1222    224.318     77.869     49.599    27.6235    21.0076    1486.00 0.0000e+00
        905 152.520475     49.943    11.1843  31.704922     0.7874 1.0000e-12     2.1211    224.218     77.820     49.483    27.6212    21.0072    1485.97 0.0000e+00
        906 152.520477     49.825    11.1764  31.696634     0.8266 1.0000e-12     2.1199    224.142     77.780     49.366    27.6192    21.0069    1485.93 0.0000e+00
        907 152.520480     49.707    11.1684  31.688663     0.7639 1.0000e-12     2.1197    224.214     77.790     49.249    27.6176    21.0070    1485.90 0.0000e+00
        908 152.520483     49.590    11.1605  31.682175     0.7788 1.0000e-12     2.1187    224.123     77.745     49.133    27.6173    21.0081    1485.87 0.0000e+00
        909 152.520486     49.472    11.1533  31.677424     0.7792 1.0000e-12     2.1174    224.107     77.728     49.016    27.6181    21.0099    1485.85 0.0000e+00
        910 152.520489     49.354    11.1475  31.673779     0.7470 1.0000e-12     2.1168    224.114     77.721     48.899    27.6190    21.0116    1485.82 0.0000e+00
        911 152.520492     49.237    11.1429  31.670836     0.7503 1.0000e-12     2.1168    224.153     77.727     48.783    27.6196    21.0128    1485.81 0.0000e+00
        912 152.520495     49.118    11.1392  31.668328     0.7590 1.0000e-12     2.1157    224.062     77.690     48.665    27.6200    21.0138    1485.79 0.0000e+00
        913 152.520498     49.000    11.1361  31.665923     0.7503 1.0000e-12     2.1159    224.118     77.704     48.548    27.6201    21.0143    1485.78 0.0000e+00
        914 152.520501     48.881    11.1334  31.663569     0.7713 1.0000e-12     2.1149    223.989     77.655     48.430    27.6199    21.0146    1485.77 0.0000e+00
        915 152.520503     48.762    11.1309  31.661327     0.7347 1.0000e-12     2.1143    223.960     77.640     48.313    27.6196    21.0148    1485.76 0.0000e+00
        916 152.520506     48.643    11.1284  31.659118     0.7281 1.0000e-12     2.1135    223.926     77.624     48.195    27.6194    21.0151    1485.74 0.0000e+00
        917 152.520509     48.524    11.1261  31.657029     0.7466 1.0000e-12     2.1128    223.885     77.606     48.077    27.6192    21.0153    1485.73 0.0000e+00
        918 152.520512     48.405    11.1238  31.655226     0.7256 1.0000e-12     2.1128    224.075     77.668     47.959    27.6192    21.0157    1485.72 0.0000e+00
        919 152.520515     48.286    11.1218  31.653684     0.7314 1.0000e-12     2.1129    224.207     77.710     47.841    27.6192    21.0161    1485.72 0.0000e+00
        920 152.520518     48.167    11.1201  31.652354     0.7170 1.0000e-12     2.1122    224.260     77.726     47.723    27.6193    21.0164    1485.71 0.0000e+00
        921 152.520521     48.048    11.1186  31.651346     0.7363 1.0000e-12     2.1122    224.342     77.752     47.605    27.6195    21.0168    1485.70 0.0000e+00
        922 152.520524     47.929    11.1175  31.650724     0.7149 1.0000e-12     2.1126    224.485     77.800     47.487    27.6197    21.0172    1485.69 0.0000e+00
        923 152.520527     47.809    11.1168  31.650487     0.7281 1.0000e-12     2.1122    224.539     77.818     47.368    27.6201    21.0175    1485.69 0.0000e+00
        924 152.520530     47.689    11.1165  31.650788     0.7021 1.0000e-12     2.1127    224.815     77.913     47.250    27.6206    21.0180    1485.69 0.0000e+00
        925 152.520532     47.569    11.1166  31.651619     0.7277 1.0000e-12     2.1125    224.855     77.928     47.131    27.6214    21.0186    1485.69 0.0000e+00
        926 152.520535     47.449    11.1172  31.652710     0.7458 1.0000e-12     2.1132    224.960     77.965     47.012    27.6221    21.0190    1485.69 0.0000e+00
        927 152.520538     47.329    11.1183  31.653893     0.7322 1.0000e-12     2.1136    225.074     78.007     46.893    27.6224    21.0191    1485.69 0.0000e+00
        928 152.520541     47.209    11.1196  31.655129     0.7594 1.0000e-12     2.1148    225.200     78.053     46.774    27.6227    21.0191    1485.69 0.0000e+00
        929 152.520544     47.089    11.1210  31.656397     0.7141 1.0000e-12     2.1146    225.144     78.036     46.655    27.6229    21.0190    1485.70 0.0000e+00
        930 152.520547     46.969    11.1225  31.657668     0.7001 1.0000e-12     2.1145    224.984     77.983     46.536    27.6230    21.0189    1485.70 0.0000e+00
        931 152.520550     46.849    11.1241  31.658799     0.7306 1.0000e-12     2.1152    224.965     77.979     46.417    27.6230    21.0185    1485.70 0.0000e+00
        932 152.520553     46.728    11.1256  31.659574     0.7310 1.0000e-12     2.1152    224.866     77.947     46.298    27.6227    21.0180    1485.71 0.0000e+00
        933 152.520556     46.607    11.1268  31.659964     0.7301 1.0000e-12     2.1155    224.910     77.964     46.178    27.6222    21.0175    1485.71 0.0000e+00
        934 152.520558     46.486    11.1276  31.660089     0.7219 1.0000e-12     2.1151    224.812     77.931     46.058    27.6217    21.0170    1485.71 0.0000e+00
        935 152.520561     46.365    11.1281  31.660035     0.7351 1.0000e-12     2.1152    224.749     77.910     45.938    27.6214    21.0166    1485.71 0.0000e+00
        936 152.520564     46.245    11.1282  31.659870     0.7413 1.0000e-12     2.1154    224.752     77.911     45.819    27.6212    21.0164    1485.71 0.0000e+00
        937 152.520567     46.125    11.1281  31.659669     0.7454 1.0000e-12     2.1155    224.759     77.913     45.700    27.6211    21.0164    1485.70 0.0000e+00
        938 152.520570     46.005    11.1279  31.659416     0.7994 1.0000e-12     2.1154    224.801     77.928     45.581    27.6210    21.0164    1485.70 0.0000e+00
        939 152.520573     45.885    11.1276  31.659113     0.7532 1.0000e-12     2.1153    224.768     77.916     45.462    27.6210    21.0164    1485.70 0.0000e+00
        940 152.520576     45.766    11.1273  31.658810     0.7569 1.0000e-12     2.1152    224.676     77.883     45.345    27.6210    21.0164    1485.70 0.0000e+00
        941 152.520579     45.646    11.1269  31.658558     0.8336 1.0000e-12     2.1154    224.744     77.906     45.226    27.6211    21.0166    1485.69 0.0000e+00
        942 152.520582     45.528    11.1266  31.658482     0.7726 1.0000e-12     2.1158    224.807     77.928     45.109    27.6213    21.0168    1485.69 0.0000e+00
        943 152.520584     45.409    11.1264  31.658704     0.7437 1.0000e-12     2.1155    224.805     77.927     44.991    27.6217    21.0171    1485.69 0.0000e+00
        944 152.520587     45.292    11.1264  31.659225     0.8134 1.0000e-12     2.1148    224.663     77.878     44.875    27.6222    21.0176    1485.69 0.0000e+00
        945 152.520590     45.175    11.1267  31.659877     0.7705 1.0000e-12     2.1158    224.855     77.945     44.759    27.6227    21.0178    1485.69 0.0000e+00
        946 152.520593     45.058    11.1273  31.660489     0.8171 1.0000e-12     2.1154    224.930     77.972     44.643    27.6229    21.0179    1485.69 0.0000e+00
        947 152.520596     44.942    11.1279  31.661083     0.7540 1.0000e-12     2.1159    225.064     78.020     44.528    27.6230    21.0179    1485.69 0.0000e+00
        948 152.520599     44.826    11.1286  31.661746     0.7524 1.0000e-12     2.1152    225.012     78.003     44.413    27.6232    21.0179    1485.69 0.0000e+00
        949 152.520602     44.710    11.1294  31.662560     0.7503 1.0000e-12     2.1164    225.163     78.057     44.298    27.6234    21.0180    1485.69 0.0000e+00
        950 152.520605     44.594    11.1303  31.663707     0.7450 1.0000e-12     2.1174    225.386     78.136     44.183    27.6239    21.0182    1485.69 0.0000e+00
        951 152.520608     44.479    11.1315  31.665371     0.7524 1.0000e-12     2.1166    225.252     78.092     44.070    27.6246    21.0186    1485.69 0.0000e+00
        952 152.520611     44.363    11.1330  31.667564     0.7775 1.0000e-12     2.1170    225.369     78.135     43.955    27.6257    21.0191    1485.70 0.0000e+00
        953 152.520613     44.247    11.1351  31.670177     0.7545 1.0000e-12     2.1175    225.338     78.129     43.840    27.6267    21.0195    1485.71 0.0000e+00
        954 152.520616     44.131    11.1377  31.673183     0.7540 1.0000e-12     2.1181    225.404     78.157     43.725    27.6277    21.0199    1485.71 0.0000e+00
        955 152.520619     44.015    11.1408  31.676597     0.8125 1.0000e-12     2.1180    225.460     78.182     43.610    27.6287    21.0201    1485.72 0.0000e+00
        956 152.520622     43.899    11.1442  31.679967     0.7499 1.0000e-12     2.1190    225.517     78.207     43.495    27.6294    21.0201    1485.74 0.0000e+00
        957 152.520625     43.782    11.1479  31.682581     0.7466 1.0000e-12     2.1188    225.471     78.198     43.379    27.6292    21.0193    1485.75 0.0000e+00
        958 152.520628     43.666    11.1513  31.684194     0.7936 1.0000e-12     2.1192    225.499     78.213     43.264    27.6283    21.0180    1485.76 0.0000e+00
        959 152.520631     43.549    11.1538  31.685088     0.7417 1.0000e-12     2.1197    225.596     78.250     43.148    27.6273    21.0169    1485.76 0.0000e+00
        960 152.520634     43.432    11.1556  31.685633     0.7936 1.0000e-12     2.1195    225.571     78.244     43.032    27.6265    21.0160    1485.76 0.0000e+00
        961 152.520637     43.315    11.1567  31.685891     0.7755 1.0000e-12     2.1205    225.788     78.321     42.916    27.6260    21.0154    1485.77 0.0000e+00
        962 152.520639     43.197    11.1574  31.685817     0.7639 1.0000e-12     2.1206    225.787     78.322     42.799    27.6254    21.0148    1485.77 0.0000e+00
        963 152.520642     43.079    11.1578  31.685689     0.7540 1.0000e-12     2.1212    225.878     78.354     42.683    27.6250    21.0144    1485.76 0.0000e+00
        964 152.520645     42.960    11.1580  31.685792     0.7763 1.0000e-12     2.1218    225.977     78.388     42.565    27.6250    21.0144    1485.76 0.0000e+00
        965 152.520648     42.842    11.1582  31.686087     0.8014 1.0000e-12     2.1223    225.972     78.387     42.448    27.6252    21.0145    1485.76 0.0000e+00
        966 152.520651     42.723    11.1587  31.686429     0.7755 1.0000e-12     2.1223    225.927     78.372     42.330    27.6252    21.0144    1485.76 0.0000e+00
        967 152.520654     42.604    11.1594  31.686729     0.7610 1.0000e-12     2.1229    225.921     78.371     42.212    27.6250    21.0141    1485.76 0.0000e+00
        968 152.520657     42.485    11.1601  31.686965     0.8195 1.0000e-12     2.1233    225.886     78.360     42.094    27.6248    21.0138    1485.76 0.0000e+00
        969 152.520660     42.366    11.1609  31.687109     0.8257 1.0000e-12     2.1234    225.814     78.336     41.976    27.6244    21.0134    1485.76 0.0000e+00
        970 152.520663     42.247    11.1616  31.687117     0.7639 1.0000e-12     2.1235    225.819     78.339     41.858    27.6239    21.0129    1485.76 0.0000e+00
        971 152.520666     42.128    11.1624  31.687049     0.7767 1.0000e-12     2.1236    225.775     78.325     41.740    27.6233    21.0123    1485.76 0.0000e+00
        972 152.520668     42.009    11.1631  31.687033     0.7767 1.0000e-12     2.1236    225.760     78.321     41.622    27.6228    21.0118    1485.76 0.0000e+00
        973 152.520671     41.890    11.1638  31.687195     0.8480 1.0000e-12     2.1235    225.761     78.322     41.505    27.6224    21.0114    1485.76 0.0000e+00
        974 152.520674     41.770    11.1647  31.687559     0.7891 1.0000e-12     2.1242    225.936     78.384     41.386    27.6222    21.0110    1485.76 0.0000e+00
