CTD_data_day2/sbe55_sbe19p_5262_20260601_re5.cnv
* Sea-Bird SBE 19plus Data File:
* FileName = C:\Data\sbe55_sbe19p_5262\2026-06-01\sbe55_sbe19p_5262_20260601_re5069.hex
* Software Version SeatermAF 2.1.4
* Temperature SN = 5262
* Conductivity SN = 5262
* System UpLoad Time = Jun 01 2026 09:59:08 (localtime) = Jun 01 2026 09:59:08 (UTC)
* ds
* SeacatPlus V 1.6b  SERIAL NO. 5262    01 Jun 2026  09:58:16
# nquan = 15                                
# nvalues = 2337                        
# units = specified
# name 0 = scan: Scan Count
# name 1 = timeJ: Julian Days
# name 2 = prdM: Pressure, Strain Gauge [db]
# name 3 = tv290C: Temperature [ITS-90, deg C]
# name 4 = c0mS/cm: Conductivity [mS/cm]
# name 5 = wetStar: Fluorescence, WET Labs WETstar [mg/m^3]
# name 6 = par: PAR/Irradiance, Biospherical/Licor [umol photons/m^2/sec]
# name 7 = sbeox0V: Oxygen raw, SBE 43 [V]
# name 8 = sbeox0Mm/L: Oxygen, SBE 43 [umol/l], WS = 2
# name 9 = sbeox0PS: Oxygen, SBE 43 [% saturation], WS = 2
# name 10 = depSM: Depth [salt water, m], lat = 56
# name 11 = sal00: Salinity, Practical [PSU]
# name 12 = sigma-é00: Density [sigma-theta, kg/m^3]
# name 13 = svCM: Sound Velocity [Chen-Millero, m/s]
# name 14 = flag: flag
# span 0 =        301,       2637       
# span 1 = 152.393634, 152.400394       
# span 2 =     -0.234,    144.704       
# span 3 =    10.2173,    13.2006       
# span 4 =   3.228305,  31.292872       
# span 5 =     0.0343,     4.8064       
# span 6 = 1.0000e-12, 9.1171e+02       
# span 7 =     1.0723,     2.2886       
# span 8 =     78.062,    253.241       
# span 9 =     27.162,     85.760       
# span 10 =     -0.232,    143.337      
# span 11 =     2.2848,    26.9621      
# span 12 =     1.2532,    20.4450      
# span 13 =    1458.63,    1487.85      
# span 14 = 0.0000e+00, 0.0000e+00      
# interval = seconds: 0.25
# start_time = Jun 01 2026 09:25:35 [Instrument's time stamp, header]
# bad_flag = -9.990e-29
*END*
[from data line 97]
        398 152.393915      1.240    12.9185  23.563326     4.7108 7.6687e+01     2.2280    236.626     80.767      1.229    19.0388    14.0787    1481.09 0.0000e+00
        399 152.393918      1.321    12.8793  24.117465     4.7660 6.9006e+01     2.2235    235.650     80.624      1.309    19.5500    14.4792    1481.56 0.0000e+00
        400 152.393921      1.405    12.8224  24.611542     4.8064 6.2632e+01     2.2174    234.619     80.409      1.392    20.0193    14.8506    1481.92 0.0000e+00
        401 152.393924      1.490    12.7373  24.992976     4.8011 5.7096e+01     2.2127    234.196     80.311      1.476    20.4055    15.1628    1482.07 0.0000e+00
        402 152.393927      1.576    12.6262  25.272380     4.7026 5.1903e+01     2.2090    234.093     80.241      1.562    20.7166    15.4215    1482.05 0.0000e+00
        403 152.393929      1.664    12.5040  25.475180     4.5757 4.9018e+01     2.2052    234.129     80.169      1.649    20.9668    15.6350    1481.92 0.0000e+00
        404 152.393932      1.753    12.3869  25.621941     4.4813 4.5421e+01     2.2022    234.229     80.101      1.737    21.1650    15.8076    1481.75 0.0000e+00
        405 152.393935      1.842    12.2842  25.742686     4.2527 4.1397e+01     2.1993    234.125     79.973      1.825    21.3326    15.9541    1481.58 0.0000e+00
        406 152.393938      1.932    12.1963  25.856665     4.0084 3.8069e+01     2.1954    233.643     79.735      1.914    21.4865    16.0876    1481.46 0.0000e+00
        407 152.393941      2.023    12.1204  25.963642     3.8370 3.4855e+01     2.1922    233.205     79.525      2.005    21.6278    16.2093    1481.36 0.0000e+00
        408 152.393944      2.114    12.0568  26.060593     3.6903 3.2205e+01     2.1876    232.416     79.210      2.095    21.7534    16.3168    1481.28 0.0000e+00
        409 152.393947      2.206    12.0062  26.141924     3.6071 2.9656e+01     2.1839    231.709     78.935      2.186    21.8574    16.4055    1481.23 0.0000e+00
        410 152.393950      2.297    11.9666  26.202396     3.4827 2.7400e+01     2.1792    230.800     78.597      2.276    21.9362    16.4729    1481.18 0.0000e+00
        411 152.393953      2.389    11.9355  26.247566     3.3842 2.5427e+01     2.1753    229.895     78.265      2.367    21.9959    16.5242    1481.14 0.0000e+00
        412 152.393955      2.480    11.9110  26.286008     3.3109 2.3671e+01     2.1703    228.800     77.876      2.457    22.0458    16.5667    1481.12 0.0000e+00
        413 152.393958      2.571    11.8918  26.323021     3.3055 2.2098e+01     2.1652    227.595     77.456      2.548    22.0912    16.6050    1481.11 0.0000e+00
        414 152.393961      2.661    11.8759  26.363291     3.2623 2.0728e+01     2.1591    226.274     77.002      2.637    22.1377    16.6436    1481.11 0.0000e+00
        415 152.393964      2.752    11.8610  26.413757     3.3072 2.0122e+01     2.1528    224.958     76.556      2.727    22.1931    16.6888    1481.12 0.0000e+00
        416 152.393967      2.842    11.8440  26.484810     3.2977 1.8954e+01     2.1460    223.661     76.123      2.816    22.2688    16.7502    1481.15 0.0000e+00
        417 152.393970      2.933    11.8218  26.590304     3.3418 1.7904e+01     2.1393    222.501     75.745      2.906    22.3796    16.8395    1481.21 0.0000e+00
        418 152.393973      3.024    11.7903  26.741541     3.4114 1.6935e+01     2.1324    221.457     75.414      2.996    22.5385    16.9675    1481.28 0.0000e+00
        419 152.393976      3.116    11.7449  26.928450     3.4687 1.6039e+01     2.1260    220.421     75.082      3.088    22.7393    17.1304    1481.36 0.0000e+00
        420 152.393979      3.208    11.6839  27.116665     3.4860 1.5181e+01     2.1189    219.531     74.780      3.179    22.9517    17.3046    1481.40 0.0000e+00
        421 152.393981      3.300    11.6107  27.279255     3.5020 1.4352e+01     2.1128    218.919     74.546      3.270    23.1485    17.4689    1481.37 0.0000e+00
        422 152.393984      3.392    11.5320  27.412271     3.4621 1.3625e+01     2.1068    218.403     74.325      3.361    23.3220    17.6160    1481.30 0.0000e+00
        423 152.393987      3.484    11.4527  27.521780     3.3686 1.2928e+01     2.0990    217.711     74.033      3.452    23.4746    17.7470    1481.20 0.0000e+00
        424 152.393990      3.576    11.3750  27.613091     3.3352 1.2323e+01     2.0941    217.573     73.925      3.543    23.6097    17.8642    1481.09 0.0000e+00
        425 152.393993      3.667    11.2991  27.685976     3.2639 1.1734e+01     2.0886    217.400     73.799      3.634    23.7268    17.9672    1480.96 0.0000e+00
        426 152.393996      3.759    11.2263  27.741894     3.2400 1.1250e+01     2.0829    217.367     73.717      3.725    23.8264    18.0560    1480.81 0.0000e+00
        427 152.393999      3.850    11.1592  27.787909     3.2066 1.0897e+01     2.0780    217.531     73.705      3.815    23.9133    18.1341    1480.68 0.0000e+00
        428 152.394002      3.941    11.0988  27.829099     3.1490 1.0385e+01     2.0738    217.674     73.693      3.905    23.9915    18.2044    1480.56 0.0000e+00
        429 152.394005      4.032    11.0453  27.865868     3.0979 9.9048e+00     2.0700    217.959     73.736      3.995    24.0613    18.2669    1480.45 0.0000e+00
        430 152.394008      4.123    10.9990  27.898010     2.9920 9.4638e+00     2.0672    218.367     73.828      4.085    24.1221    18.3215    1480.35 0.0000e+00
        431 152.394010      4.216    10.9610  27.928438     2.9351 9.0374e+00     2.0643    218.686     73.899      4.178    24.1760    18.3693    1480.28 0.0000e+00
        432 152.394013      4.309    10.9322  27.959478     2.8033 8.6301e+00     2.0622    219.009     73.985      4.270    24.2245    18.4114    1480.24 0.0000e+00
        433 152.394016      4.403    10.9117  27.989598     2.7160 8.2527e+00     2.0603    219.362     74.091      4.363    24.2667    18.4474    1480.22 0.0000e+00
        434 152.394019      4.498    10.8974  28.017933     2.6393 7.8874e+00     2.0587    219.677     74.191      4.457    24.3032    18.4780    1480.21 0.0000e+00
        435 152.394022      4.593    10.8862  28.046965     2.5569 7.5422e+00     2.0578    220.102     74.333      4.551    24.3383    18.5070    1480.21 0.0000e+00
        436 152.394025      4.689    10.8761  28.077624     2.5038 7.2196e+00     2.0568    220.569     74.491      4.646    24.3742    18.5365    1480.22 0.0000e+00
        437 152.394028      4.785    10.8667  28.107786     2.4049 6.9352e+00     2.0571    221.203     74.706      4.741    24.4093    18.5651    1480.23 0.0000e+00
        438 152.394031      4.881    10.8583  28.137691     2.3180 6.7647e+00     2.0570    221.806     74.912      4.837    24.4434    18.5930    1480.24 0.0000e+00
        439 152.394034      4.978    10.8515  28.169936     2.2986 6.5340e+00     2.0575    222.445     75.134      4.933    24.4788    18.6215    1480.26 0.0000e+00
        440 152.394036      5.076    10.8476  28.206910     2.1882 6.2685e+00     2.0594    223.293     75.432      5.030    24.5167    18.6515    1480.30 0.0000e+00
        441 152.394039      5.176    10.8479  28.250112     2.1177 6.0244e+00     2.0606    223.948     75.674      5.129    24.5578    18.6834    1480.35 0.0000e+00
        442 152.394042      5.276    10.8533  28.299102     2.0551 5.7876e+00     2.0629    224.756     75.977      5.228    24.6011    18.7161    1480.42 0.0000e+00
        443 152.394045      5.380    10.8633  28.351709     1.9628 5.5709e+00     2.0651    225.300     76.198      5.331    24.6447    18.7484    1480.51 0.0000e+00
        444 152.394048      5.485    10.8760  28.405334     1.9393 5.3565e+00     2.0681    225.944     76.458      5.435    24.6875    18.7796    1480.61 0.0000e+00
        445 152.394051      5.594    10.8886  28.459803     1.8747 5.1364e+00     2.0712    226.469     76.678      5.543    24.7311    18.8114    1480.71 0.0000e+00
        446 152.394054      5.707    10.8990  28.519729     1.8112 4.8849e+00     2.0747    226.805     76.834      5.655    24.7814    18.8488    1480.81 0.0000e+00
        447 152.394057      5.822    10.9089  28.592146     1.7226 4.6256e+00     2.0767    226.828     76.889      5.769    24.8440    18.8958    1480.92 0.0000e+00
        448 152.394060      5.939    10.9231  28.679969     1.6864 4.3885e+00     2.0810    226.981     77.001      5.885    24.9184    18.9513    1481.07 0.0000e+00
        449 152.394062      6.058    10.9463  28.776056     1.5887 4.1827e+00     2.0830    226.725     76.990      6.003    24.9946    19.0068    1481.24 0.0000e+00
        450 152.394065      6.178    10.9794  28.865946     1.5718 4.0805e+00     2.0846    226.266     76.921      6.122    25.0580    19.0507    1481.44 0.0000e+00
        451 152.394068      6.299    11.0176  28.941094     1.5216 3.8903e+00     2.0868    225.923     76.891      6.242    25.1038    19.0801    1481.63 0.0000e+00
        452 152.394071      6.421    11.0539  29.005158     1.4989 3.7101e+00     2.0882    225.311     76.761      6.362    25.1402    19.1025    1481.81 0.0000e+00
        453 152.394074      6.545    11.0840  29.062651     1.4565 3.5349e+00     2.0899    225.003     76.723      6.485    25.1745    19.1243    1481.96 0.0000e+00
        454 152.394077      6.671    11.1066  29.111031     1.4256 3.3569e+00     2.0902    224.436     76.583      6.610    25.2052    19.1445    1482.08 0.0000e+00
        455 152.394080      6.797    11.1217  29.147733     1.4194 3.1842e+00     2.0909    224.045     76.486      6.735    25.2299    19.1611    1482.17 0.0000e+00
        456 152.394083      6.925    11.1295  29.173933     1.4079 3.0120e+00     2.0904    223.538     76.336      6.862    25.2495    19.1751    1482.22 0.0000e+00
        457 152.394086      7.053    11.1312  29.191969     1.3955 2.8530e+00     2.0910    223.310     76.268      6.989    25.2655    19.1872    1482.25 0.0000e+00
        458 152.394089      7.182    11.1288  29.203996     1.3675 2.7100e+00     2.0898    222.915     76.136      7.117    25.2785    19.1978    1482.26 0.0000e+00
        459 152.394091      7.310    11.1242  29.211418     1.3803 2.5768e+00     2.0903    222.831     76.104      7.243    25.2887    19.2064    1482.26 0.0000e+00
        460 152.394094      7.439    11.1185  29.215045     1.3308 2.4615e+00     2.0891    222.583     76.013      7.371    25.2961    19.2130    1482.25 0.0000e+00
        461 152.394097      7.568    11.1120  29.214709     1.3259 2.3589e+00     2.0889    222.480     75.970      7.499    25.3002    19.2172    1482.23 0.0000e+00
        462 152.394100      7.697    11.1040  29.209233     1.2950 2.2741e+00     2.0877    222.312     75.899      7.627    25.3004    19.2187    1482.20 0.0000e+00
        463 152.394103      7.826    11.0935  29.198163     1.2797 2.1720e+00     2.0874    222.184     75.837      7.755    25.2970    19.2178    1482.16 0.0000e+00
        464 152.394106      7.955    11.0792  29.184057     1.2859 2.0598e+00     2.0866    222.077     75.775      7.882    25.2933    19.2172    1482.11 0.0000e+00
        465 152.394109      8.084    11.0618  29.170730     1.2357 1.9583e+00     2.0861    222.037     75.732      8.010    25.2924    19.2194    1482.05 0.0000e+00
        466 152.394112      8.214    11.0434  29.159098     1.2369 1.8575e+00     2.0850    221.928     75.665      8.139    25.2939    19.2235    1481.99 0.0000e+00
        467 152.394115      8.344    11.0257  29.148655     1.1994 1.7665e+00     2.0838    221.747     75.575      8.268    25.2960    19.2280    1481.93 0.0000e+00
        468 152.394117      8.473    11.0093  29.140046     1.1895 1.6817e+00     2.0825    221.562     75.487      8.396    25.2990    19.2330    1481.87 0.0000e+00
        469 152.394120      8.603    10.9950  29.133621     1.1685 1.5939e+00     2.0822    221.565     75.466      8.525    25.3027    19.2381    1481.83 0.0000e+00
        470 152.394123      8.733    10.9833  29.128811     1.1566 1.5282e+00     2.0809    221.401     75.392      8.653    25.3060    19.2426    1481.79 0.0000e+00
        471 152.394126      8.863    10.9742  29.125516     1.1599 1.4489e+00     2.0798    221.317     75.350      8.782    25.3091    19.2464    1481.77 0.0000e+00
        472 152.394129      8.994    10.9675  29.123722     1.1590 1.3773e+00     2.0784    221.076     75.258      8.912    25.3120    19.2497    1481.75 0.0000e+00
        473 152.394132      9.125    10.9626  29.122847     1.1607 1.3435e+00     2.0778    220.948     75.208      9.042    25.3144    19.2524    1481.74 0.0000e+00
        474 152.394135      9.256    10.9591  29.121932     1.1726 1.2683e+00     2.0761    220.696     75.117      9.172    25.3159    19.2542    1481.73 0.0000e+00
        475 152.394138      9.387    10.9561  29.119684     1.1529 1.2106e+00     2.0757    220.611     75.083      9.301    25.3158    19.2545    1481.72 0.0000e+00
        476 152.394141      9.518    10.9527  29.115084     1.1529 1.1540e+00     2.0737    220.289     74.967      9.431    25.3137    19.2534    1481.71 0.0000e+00
        477 152.394144      9.649    10.9480  29.108222     1.1244 1.0989e+00     2.0729    220.197     74.927      9.561    25.3103    19.2516    1481.69 0.0000e+00
        478 152.394146      9.780    10.9412  29.100190     1.1265 1.0359e+00     2.0713    220.085     74.876      9.691    25.3072    19.2503    1481.66 0.0000e+00
        479 152.394149      9.912    10.9326  29.091773     1.1108 9.9097e-01     2.0700    220.027     74.841      9.822    25.3050    19.2500    1481.63 0.0000e+00
        480 152.394152     10.043    10.9228  29.083455     1.0808 9.4184e-01     2.0685    220.093     74.847      9.951    25.3038    19.2505    1481.59 0.0000e+00
        481 152.394155     10.175    10.9120  29.076156     1.0733 9.0030e-01     2.0680    220.237     74.879     10.082    25.3042    19.2526    1481.56 0.0000e+00
        482 152.394158     10.307    10.9007  29.070670     1.0758 8.4953e-01     2.0671    220.357     74.902     10.213    25.3066    19.2563    1481.52 0.0000e+00
        483 152.394161     10.440    10.8887  29.067127     1.0428 8.0513e-01     2.0666    220.545     74.949     10.345    25.3114    19.2620    1481.49 0.0000e+00
        484 152.394164     10.572    10.8757  29.067176     1.0490 7.6418e-01     2.0664    220.851     75.036     10.476    25.3204    19.2710    1481.45 0.0000e+00
        485 152.394167     10.704    10.8618  29.074166     1.0157 7.4675e-01     2.0658    221.044     75.086     10.606    25.3367    19.2858    1481.42 0.0000e+00
        486 152.394170     10.836    10.8489  29.087390     1.0037 7.0863e-01     2.0652    221.118     75.100     10.737    25.3582    19.3046    1481.41 0.0000e+00
        487 152.394172     10.968    10.8389  29.100088     0.9749 6.8378e-01     2.0654    221.334     75.166     10.868    25.3773    19.3210    1481.39 0.0000e+00
        488 152.394175     11.100    10.8309  29.104893     0.9584 6.5319e-01     2.0664    221.645     75.264     10.999    25.3874    19.3301    1481.38 0.0000e+00
        489 152.394178     11.232    10.8212  29.100886     0.9370 6.2010e-01     2.0668    221.811     75.305     11.129    25.3902    19.3339    1481.35 0.0000e+00
        490 152.394181     11.364    10.8073  29.094472     0.9242 5.8119e-01     2.0658    221.806     75.282     11.260    25.3936    19.3387    1481.31 0.0000e+00
        491 152.394184     11.496    10.7911  29.092356     0.9118 5.5446e-01     2.0668    221.970     75.316     11.391    25.4027    19.3484    1481.26 0.0000e+00
        492 152.394187     11.628    10.7771  29.098512     0.8991 5.3053e-01     2.0671    221.997     75.309     11.522    25.4183    19.3627    1481.23 0.0000e+00
