CTD_data_day2/sbe55_sbe19p_5262_20260601_re4.cnv
* Sea-Bird SBE 19plus Data File:
* FileName = C:\Data\sbe55_sbe19p_5262\2026-06-01\sbe55_sbe19p_5262_20260601_re4070.hex
* Software Version SeatermAF 2.1.4
* Temperature SN = 5262
* Conductivity SN = 5262
* System UpLoad Time = Jun 01 2026 10:54:12 (localtime) = Jun 01 2026 10:54:12 (UTC)
* ds
* SeacatPlus V 1.6b  SERIAL NO. 5262    01 Jun 2026  10:53:41
# nquan = 15                                
# nvalues = 2249                        
# units = specified
# name 0 = scan: Scan Count
# name 1 = timeJ: Julian Days
# name 2 = prdM: Pressure, Strain Gauge [db]
# name 3 = tv290C: Temperature [ITS-90, deg C]
# name 4 = c0mS/cm: Conductivity [mS/cm]
# name 5 = wetStar: Fluorescence, WET Labs WETstar [mg/m^3]
# name 6 = par: PAR/Irradiance, Biospherical/Licor [umol photons/m^2/sec]
# name 7 = sbeox0V: Oxygen raw, SBE 43 [V]
# name 8 = sbeox0Mm/L: Oxygen, SBE 43 [umol/l], WS = 2
# name 9 = sbeox0PS: Oxygen, SBE 43 [% saturation], WS = 2
# name 10 = depSM: Depth [salt water, m], lat = 56
# name 11 = sal00: Salinity, Practical [PSU]
# name 12 = sigma-é00: Density [sigma-theta, kg/m^3]
# name 13 = svCM: Sound Velocity [Chen-Millero, m/s]
# name 14 = flag: flag
# span 0 =        301,       2549       
# span 1 = 152.428218, 152.434722       
# span 2 =     -0.232,    121.849       
# span 3 =    10.0680,    13.0203       
# span 4 =   4.142507,  31.241540       
# span 5 =     0.1505,     6.9789       
# span 6 = 1.0000e-12, 1.0841e+03       
# span 7 =     1.0872,     2.2750       
# span 8 =     80.068,    247.794       
# span 9 =     27.839,     85.126       
# span 10 =     -0.230,    120.705      
# span 11 =     3.0341,    26.9450      
# span 12 =     1.9192,    20.4368      
# span 13 =    1456.87,    1487.34      
# span 14 = 0.0000e+00, 0.0000e+00      
# interval = seconds: 0.25
# start_time = Jun 01 2026 10:15:23 [Instrument's time stamp, header]
# bad_flag = -9.990e-29
*END*
        301 152.428218      0.859    12.9898  24.644481     4.3520 2.0075e+02     2.2713    246.900     84.890      0.851    19.9607    14.7770    1482.42 -9.990e-29
        302 152.428220      0.859    12.9898  24.638022     4.3606 2.0149e+02     2.2713    246.909     84.890      0.851    19.9550    14.7726    1482.41 -9.990e-29
        303 152.428223      0.858    12.9897  24.633654     4.4022 2.0135e+02     2.2723    247.057     84.938      0.850    19.9511    14.7696    1482.41 -9.990e-29
        304 152.428226      0.858    12.9896  24.631039     4.4237 2.0345e+02     2.2718    246.990     84.914      0.850    19.9489    14.7679    1482.41 -9.990e-29
        305 152.428229      0.858    12.9894  24.629992     4.4022 2.0156e+02     2.2719    247.129     84.961      0.850    19.9481    14.7673    1482.41 -9.990e-29
        306 152.428232      0.857    12.9889  24.630483     4.3969 2.0181e+02     2.2720    247.152     84.968      0.849    19.9488    14.7679    1482.40 -9.990e-29
        307 152.428235      0.857    12.9882  24.631361     4.4088 2.0167e+02     2.2725    247.243     84.999      0.849    19.9499    14.7689    1482.40 -9.990e-29
        308 152.428238      0.857    12.9875  24.630249     4.3936 2.0114e+02     2.2721    247.268     85.006      0.849    19.9493    14.7686    1482.40 -9.990e-29
        309 152.428241      0.857    12.9869  24.626127     4.3911 2.0029e+02     2.2721    247.300     85.014      0.849    19.9459    14.7661    1482.39 -9.990e-29
        310 152.428244      0.857    12.9865  24.620079     4.3796 2.0149e+02     2.2728    247.401     85.045      0.849    19.9408    14.7622    1482.39 -9.990e-29
        311 152.428247      0.857    12.9863  24.613151     4.3981 2.0135e+02     2.2733    247.541     85.090      0.849    19.9347    14.7576    1482.38 -9.990e-29
        312 152.428249      0.857    12.9864  24.606725     4.4220 2.0086e+02     2.2733    247.616     85.113      0.849    19.9290    14.7531    1482.37 -9.990e-29
        313 152.428252      0.857    12.9865  24.602189     4.4216 2.0072e+02     2.2735    247.660     85.126      0.849    19.9249    14.7499    1482.37 -9.990e-29
        314 152.428255      0.858    12.9867  24.598681     4.3854 2.0015e+02     2.2734    247.542     85.084      0.850    19.9217    14.7474    1482.36 -9.990e-29
        315 152.428258      0.858    12.9868  24.594875     4.4051 2.0043e+02     2.2745    247.599     85.102      0.850    19.9182    14.7448    1482.36 -9.990e-29
        316 152.428261      0.858    12.9869  24.591240     4.4319 1.9910e+02     2.2746    247.569     85.090      0.850    19.9150    14.7422    1482.36 -9.990e-29
        317 152.428264      0.858    12.9868  24.588299     4.4266 1.9920e+02     2.2749    247.527     85.074      0.850    19.9124    14.7403    1482.35 -9.990e-29
        318 152.428267      0.858    12.9865  24.586167     4.4233 1.9906e+02     2.2741    247.261     84.981      0.850    19.9107    14.7390    1482.35 -9.990e-29
        319 152.428270      0.857    12.9862  24.585104     4.4303 2.0047e+02     2.2738    247.170     84.949      0.849    19.9099    14.7384    1482.35 -9.990e-29
        320 152.428273      0.857    12.9857  24.584734     4.4278 2.0054e+02     2.2741    247.259     84.979      0.849    19.9098    14.7385    1482.35 -9.990e-29
        321 152.428275      0.857    12.9852  24.585051     4.4690 2.0054e+02     2.2738    247.232     84.969      0.849    19.9104    14.7390    1482.35 -9.990e-29
        322 152.428278      0.857    12.9848  24.586709     4.4282 2.0139e+02     2.2728    247.100     84.924      0.849    19.9120    14.7403    1482.35 -9.990e-29
        323 152.428281      0.857    12.9845  24.588956     4.4521 2.0135e+02     2.2741    247.176     84.950      0.849    19.9142    14.7420    1482.35 -9.990e-29
        324 152.428284      0.856    12.9845  24.590805     4.4463 2.0040e+02     2.2741    247.098     84.924      0.848    19.9158    14.7433    1482.35 -9.990e-29
        325 152.428287      0.856    12.9846  24.592141     4.4175 2.0050e+02     2.2735    246.993     84.889      0.848    19.9170    14.7442    1482.35 -9.990e-29
        326 152.428290      0.856    12.9848  24.593201     4.4356 1.9963e+02     2.2728    246.904     84.859      0.848    19.9178    14.7448    1482.35 -9.990e-29
        327 152.428293      0.856    12.9852  24.594899     4.4377 1.9892e+02     2.2718    246.698     84.790      0.848    19.9191    14.7457    1482.36 -9.990e-29
        328 152.428296      0.856    12.9854  24.597087     4.4055 1.9847e+02     2.2720    246.773     84.817      0.848    19.9209    14.7471    1482.36 -9.990e-29
        329 152.428299      0.857    12.9856  24.599301     4.4327 1.9809e+02     2.2719    246.863     84.849      0.849    19.9228    14.7485    1482.36 -9.990e-29
        330 152.428302      0.857    12.9856  24.600934     4.4364 1.9872e+02     2.2721    246.891     84.860      0.849    19.9242    14.7496    1482.36 -9.990e-29
        331 152.428304      0.857    12.9855  24.600186     4.4204 1.9892e+02     2.2720    246.965     84.885      0.849    19.9236    14.7491    1482.36 -9.990e-29
        332 152.428307      0.857    12.9855  24.596620     4.4360 1.9889e+02     2.2716    246.845     84.842      0.849    19.9205    14.7467    1482.36 -9.990e-29
        333 152.428310      0.857    12.9855  24.591049     4.4327 1.9840e+02     2.2717    246.878     84.851      0.849    19.9155    14.7429    1482.35 -9.990e-29
        334 152.428313      0.858    12.9856  24.584466     4.4443 1.9924e+02     2.2705    246.727     84.796      0.850    19.9096    14.7383    1482.35 -9.990e-29
        335 152.428316      0.858    12.9858  24.578032     4.4443 1.9973e+02     2.2717    246.982     84.880      0.850    19.9038    14.7338    1482.34 -9.990e-29
        336 152.428319      0.857    12.9861  24.570960     4.4051 1.9858e+02     2.2707    246.912     84.853      0.849    19.8974    14.7288    1482.33 -9.990e-29
        337 152.428322      0.857    12.9865  24.560355     4.4224 1.9899e+02     2.2712    247.048     84.896      0.849    19.8877    14.7213    1482.32 -9.990e-29
        338 152.428325      0.857    12.9868  24.544263     4.4748 1.9872e+02     2.2711    247.151     84.924      0.849    19.8733    14.7101    1482.31 -9.990e-29
        339 152.428328      0.857    12.9873  24.523155     4.4653 1.9837e+02     2.2715    247.185     84.927      0.849    19.8543    14.6954    1482.29 -9.990e-29
        340 152.428330      0.857    12.9880  24.498643     4.4719 1.9899e+02     2.2713    247.297     84.955      0.849    19.8322    14.6783    1482.26 -9.990e-29
        341 152.428333      0.857    12.9888  24.472824     4.4274 1.9885e+02     2.2715    247.324     84.953      0.849    19.8089    14.6601    1482.24 -9.990e-29
        342 152.428336      0.857    12.9898  24.448733     4.4591 1.9899e+02     2.2719    247.406     84.972      0.849    19.7870    14.6431    1482.22 -9.990e-29
        343 152.428339      0.857    12.9910  24.429779     4.5633 1.9872e+02     2.2716    247.315     84.933      0.849    19.7695    14.6295    1482.20 -9.990e-29
        344 152.428342      0.857    12.9923  24.417857     4.4488 1.9889e+02     2.2724    247.391     84.956      0.849    19.7583    14.6206    1482.19 -9.990e-29
        345 152.428345      0.857    12.9937  24.413495     4.4822 1.9927e+02     2.2720    247.243     84.905      0.849    19.7537    14.6168    1482.19 -9.990e-29
        346 152.428348      0.857    12.9952  24.418879     4.4900 1.9924e+02     2.2721    247.261     84.916      0.849    19.7577    14.6196    1482.20 -9.990e-29
        347 152.428351      0.857    12.9967  24.433470     4.4422 1.9924e+02     2.2716    247.165     84.892      0.849    19.7698    14.6287    1482.22 -9.990e-29
        348 152.428354      0.857    12.9979  24.451485     4.4694 1.9927e+02     2.2715    247.048     84.862      0.849    19.7852    14.6404    1482.24 -9.990e-29
        349 152.428356      0.857    12.9987  24.468551     4.4822 1.9882e+02     2.2712    247.024     84.863      0.849    19.7999    14.6516    1482.26 -9.990e-29
        350 152.428359      0.857    12.9994  24.479757     4.4896 1.9875e+02     2.2723    247.159     84.916      0.849    19.8095    14.6588    1482.28 -9.990e-29
        351 152.428362      0.858    13.0000  24.482655     4.4467 1.9833e+02     2.2718    247.095     84.896      0.850    19.8118    14.6605    1482.28 -9.990e-29
        352 152.428365      0.858    13.0007  24.483857     4.4401 1.9802e+02     2.2712    247.011     84.869      0.850    19.8125    14.6609    1482.28 -9.990e-29
        353 152.428368      0.858    13.0015  24.489164     4.4459 1.9684e+02     2.2716    247.102     84.904      0.850    19.8167    14.6641    1482.29 -9.990e-29
        354 152.428371      0.858    13.0023  24.498394     4.4451 1.9770e+02     2.2713    247.031     84.885      0.850    19.8245    14.6699    1482.30 -9.990e-29
        355 152.428374      0.857    13.0030  24.508731     4.4406 1.9847e+02     2.2712    247.122     84.922      0.849    19.8333    14.6766    1482.32 -9.990e-29
        356 152.428377      0.857    13.0036  24.515817     4.4257 1.9802e+02     2.2715    247.183     84.948      0.849    19.8393    14.6811    1482.33 -9.990e-29
        357 152.428380      0.857    13.0042  24.517732     4.4369 1.9788e+02     2.2721    247.257     84.975      0.849    19.8407    14.6820    1482.33 -9.990e-29
        358 152.428383      0.857    13.0049  24.516554     4.4401 1.9875e+02     2.2719    247.256     84.975      0.849    19.8393    14.6808    1482.33 -9.990e-29
        359 152.428385      0.857    13.0056  24.514457     4.4459 1.9885e+02     2.2724    247.334     85.002      0.849    19.8370    14.6790    1482.33 -9.990e-29
        360 152.428388      0.856    13.0061  24.512018     4.4624 1.9858e+02     2.2719    247.227     84.965      0.848    19.8346    14.6770    1482.33 -9.990e-29
        361 152.428391      0.856    13.0063  24.508998     4.4603 1.9910e+02     2.2722    247.237     84.967      0.848    19.8318    14.6749    1482.33 -9.990e-29
        362 152.428394      0.856    13.0065  24.505119     4.4381 1.9837e+02     2.2724    247.248     84.969      0.848    19.8283    14.6721    1482.32 -9.990e-29
        363 152.428397      0.856    13.0065  24.501602     4.4554 1.9861e+02     2.2727    247.282     84.979      0.848    19.8252    14.6697    1482.32 -9.990e-29
        364 152.428400      0.857    13.0066  24.498705     4.4550 1.9739e+02     2.2726    247.283     84.979      0.849    19.8226    14.6677    1482.32 -9.990e-29
        365 152.428403      0.857    13.0066  24.494126     4.4228 1.9646e+02     2.2726    247.279     84.975      0.849    19.8185    14.6645    1482.31 -9.990e-29
        366 152.428406      0.857    13.0067  24.487364     4.3911 1.9508e+02     2.2723    247.244     84.960      0.849    19.8124    14.6599    1482.31 -9.990e-29
        367 152.428409      0.857    13.0070  24.478213     4.4241 1.9556e+02     2.2727    247.361     84.996      0.849    19.8042    14.6534    1482.30 -9.990e-29
        368 152.428411      0.857    13.0075  24.464365     4.4187 1.9556e+02     2.2726    247.410     85.008      0.849    19.7916    14.6437    1482.28 -9.990e-29
        369 152.428414      0.857    13.0083  24.445638     4.4084 1.9563e+02     2.2730    247.526     85.040      0.849    19.7746    14.6304    1482.27 -9.990e-29
        370 152.428417      0.857    13.0094  24.425019     4.4509 1.9567e+02     2.2730    247.565     85.045      0.849    19.7558    14.6157    1482.25 -9.990e-29
        371 152.428420      0.857    13.0108  24.407312     4.4224 1.9629e+02     2.2736    247.679     85.078      0.849    19.7393    14.6028    1482.23 -9.990e-29
        372 152.428423      0.857    13.0121  24.396110     4.4018 1.9653e+02     2.2735    247.694     85.080      0.849    19.7287    14.5944    1482.23 -9.990e-29
        373 152.428426      0.857    13.0133  24.389147     4.4377 1.9712e+02     2.2737    247.750     85.098      0.849    19.7219    14.5890    1482.22 -9.990e-29
        374 152.428429      0.857    13.0143  24.379672     4.4966 1.9615e+02     2.2737    247.742     85.092      0.849    19.7130    14.5820    1482.22 -9.990e-29
        375 152.428432      0.857    13.0152  24.362194     4.5069 1.9732e+02     2.2743    247.768     85.094      0.849    19.6971    14.5695    1482.20 -9.990e-29
        376 152.428435      0.857    13.0164  24.340406     4.4892 1.9708e+02     2.2744    247.739     85.076      0.849    19.6771    14.5539    1482.18 -9.990e-29
        377 152.428438      0.857    13.0179  24.325726     4.5048 1.9770e+02     2.2750    247.794     85.090      0.849    19.6634    14.5431    1482.17 -9.990e-29
        378 152.428440      0.857    13.0193  24.324259     4.4620 1.9729e+02     2.2746    247.660     85.046      0.849    19.6613    14.5413    1482.17 -9.990e-29
        379 152.428443      0.857    13.0201  24.334269     4.4480 1.9691e+02     2.2742    247.413     84.967      0.849    19.6698    14.5477    1482.18 -9.990e-29
        380 152.428446      0.857    13.0203  24.353420     4.4706 1.9701e+02     2.2739    247.286     84.932      0.849    19.6866    14.5606    1482.21 -9.990e-29
        381 152.428449      0.857    13.0199  24.380323     4.4575 1.9694e+02     2.2744    247.286     84.944      0.849    19.7107    14.5792    1482.23 -9.990e-29
        382 152.428452      0.857    13.0189  24.412076     4.4554 1.9622e+02     2.2740    247.262     84.949      0.849    19.7394    14.6015    1482.26 -9.990e-29
        383 152.428455      0.857    13.0173  24.447134     4.4150 1.9687e+02     2.2728    247.129     84.918      0.849    19.7713    14.6263    1482.29 -9.990e-29
        384 152.428458      0.856    13.0154  24.485912     4.4686 1.9577e+02     2.2733    247.171     84.948      0.848    19.8066    14.6539    1482.33 -9.990e-29
        385 152.428461      0.856    13.0133  24.525466     4.4249 1.9536e+02     2.2732    247.126     84.948      0.848    19.8428    14.6821    1482.36 -9.990e-29
        386 152.428464      0.856    13.0110  24.560798     4.4397 1.9494e+02     2.2735    247.167     84.974      0.848    19.8753    14.7076    1482.39 -9.990e-29
        387 152.428466      0.856    13.0089  24.590547     4.4163 1.9477e+02     2.2737    247.152     84.980      0.848    19.9028    14.7291    1482.42 -9.990e-29
        388 152.428469      0.856    13.0070  24.617391     4.4195 1.9436e+02     2.2732    246.965     84.926      0.848    19.9276    14.7486    1482.44 -9.990e-29
        389 152.428472      0.856    13.0053  24.641212     4.3713 1.9481e+02     2.2733    246.955     84.931      0.848    19.9497    14.7658    1482.46 -9.990e-29
        390 152.428475      0.856    13.0036  24.658756     4.3767 1.9532e+02     2.2728    246.845     84.898      0.848    19.9661    14.7788    1482.48 -9.990e-29
        391 152.428478      0.856    13.0022  24.669827     4.3940 1.9498e+02     2.2723    246.754     84.870      0.848    19.9767    14.7872    1482.48 -9.990e-29
        392 152.428481      0.856    13.0011  24.676302     4.3672 1.9481e+02     2.2724    246.776     84.879      0.848    19.9830    14.7923    1482.49 -9.990e-29
        393 152.428484      0.855    13.0002  24.680819     4.3627 1.9409e+02     2.2728    246.854     84.907      0.847    19.9875    14.7959    1482.49 -9.990e-29
        394 152.428487      0.855    12.9995  24.685240     4.3512 1.9406e+02     2.2725    246.911     84.928      0.847    19.9918    14.7993    1482.49 -9.990e-29
        395 152.428490      0.855    12.9990  24.687578     4.3693 1.9382e+02     2.2721    246.887     84.920      0.847    19.9941    14.8012    1482.49 -9.990e-29
        396 152.428492      0.856    12.9985  24.684734     4.3351 1.9378e+02     2.2718    246.845     84.903      0.848    19.9919    14.7995    1482.49 -9.990e-29
