CTD_data_day2/sbe55_sbe19p_5262_20260601_re7.cnv
* Sea-Bird SBE 19plus Data File:
* FileName = C:\Data\sbe55_sbe19p_5262\2026-06-01\sbe55_sbe19p_5262_20260601_re7072.hex
* Software Version SeatermAF 2.1.4
* Temperature SN = 5262
* Conductivity SN = 5262
* System UpLoad Time = Jun 01 2026 13:37:23 (localtime) = Jun 01 2026 13:37:23 (UTC)
* ds
* SeacatPlus V 1.6b  SERIAL NO. 5262    01 Jun 2026  13:36:26
# nquan = 15                                
# nvalues = 1074                        
# units = specified
# name 0 = scan: Scan Count
# name 1 = timeJ: Julian Days
# name 2 = prdM: Pressure, Strain Gauge [db]
# name 3 = tv290C: Temperature [ITS-90, deg C]
# name 4 = c0mS/cm: Conductivity [mS/cm]
# name 5 = wetStar: Fluorescence, WET Labs WETstar [mg/m^3]
# name 6 = par: PAR/Irradiance, Biospherical/Licor [umol photons/m^2/sec]
# name 7 = sbeox0V: Oxygen raw, SBE 43 [V]
# name 8 = sbeox0Mm/L: Oxygen, SBE 43 [umol/l], WS = 2
# name 9 = sbeox0PS: Oxygen, SBE 43 [% saturation], WS = 2
# name 10 = depSM: Depth [salt water, m], lat = 56
# name 11 = sal00: Salinity, Practical [PSU]
# name 12 = sigma-é00: Density [sigma-theta, kg/m^3]
# name 13 = svCM: Sound Velocity [Chen-Millero, m/s]
# name 14 = flag: flag
# span 0 =        301,       1374       
# span 1 = 152.518727, 152.521832       
# span 2 =     -0.224,     54.511       
# span 3 =    11.1015,    12.1797       
# span 4 =   2.791448,  31.786855       
# span 5 =     0.0215,     4.1645       
# span 6 = 1.0000e-12, 4.1715e+02       
# span 7 =     1.9792,     2.1912       
# span 8 =    207.890,    240.451       
# span 9 =     69.791,     81.416       
# span 10 =     -0.222,     54.008      
# span 11 =     1.9951,    27.6614      
# span 12 =     1.1099,    21.0350      
# span 13 =    1455.66,    1486.29      
# span 14 = 0.0000e+00, 0.0000e+00      
# interval = seconds: 0.25
# start_time = Jun 01 2026 12:25:43 [Instrument's time stamp, header]
# bad_flag = -9.990e-29
*END*
[from data line 193]
        494 152.519285     10.295    11.3491  30.638334     1.4404 2.3805e+00     2.1537    230.574     79.740     10.201    26.4920    20.1027    1484.55 0.0000e+00
        495 152.519288     10.416    11.3490  30.643704     1.5100 2.2795e+00     2.1547    230.871     79.844     10.321    26.4972    20.1067    1484.56 0.0000e+00
        496 152.519291     10.537    11.3497  30.652166     1.4215 2.1420e+00     2.1554    231.166     79.952     10.441    26.5047    20.1125    1484.57 0.0000e+00
        497 152.519294     10.659    11.3514  30.663339     1.4079 2.1105e+00     2.1564    231.341     80.020     10.562    26.5141    20.1195    1484.59 0.0000e+00
        498 152.519297     10.780    11.3544  30.676360     1.4215 2.0670e+00     2.1577    231.507     80.088     10.682    26.5243    20.1269    1484.62 0.0000e+00
        499 152.519300     10.901    11.3586  30.690541     1.4853 2.0199e+00     2.1590    231.705     80.169     10.802    26.5348    20.1344    1484.65 0.0000e+00
        500 152.519303     11.023    11.3637  30.705543     1.4977 1.8975e+00     2.1608    231.963     80.272     10.922    26.5454    20.1417    1484.68 0.0000e+00
        501 152.519306     11.145    11.3695  30.721514     1.5537 1.7285e+00     2.1614    231.975     80.292     11.043    26.5565    20.1493    1484.71 0.0000e+00
        502 152.519308     11.267    11.3759  30.738556     1.5154 1.6702e+00     2.1619    231.872     80.274     11.164    26.5681    20.1573    1484.75 0.0000e+00
        503 152.519311     11.390    11.3826  30.756183     1.5072 1.4489e+00     2.1637    232.015     80.341     11.286    26.5801    20.1654    1484.79 0.0000e+00
        504 152.519314     11.514    11.3890  30.774347     1.6229 1.5786e+00     2.1649    231.997     80.352     11.409    26.5928    20.1742    1484.83 0.0000e+00
        505 152.519317     11.637    11.3947  30.793259     1.6369 1.1615e+00     2.1657    231.957     80.355     11.531    26.6067    20.1840    1484.87 0.0000e+00
        506 152.519320     11.762    11.3994  30.812815     1.6336 1.2872e+00     2.1659    231.723     80.290     11.655    26.6219    20.1951    1484.91 0.0000e+00
        507 152.519323     11.887    11.4031  30.833843     1.6287 1.2170e+00     2.1674    231.717     80.303     11.778    26.6393    20.2079    1484.94 0.0000e+00
        508 152.519326     12.012    11.4056  30.857180     1.5208 1.2124e+00     2.1673    231.550     80.260     11.902    26.6597    20.2233    1484.98 0.0000e+00
        509 152.519329     12.137    11.4073  30.881401     1.5566 1.1314e+00     2.1675    231.443     80.237     12.026    26.6815    20.2400    1485.01 0.0000e+00
        510 152.519332     12.263    11.4082  30.903734     1.5624 1.1425e+00     2.1671    231.303     80.200     12.151    26.7022    20.2558    1485.04 0.0000e+00
        511 152.519334     12.388    11.4086  30.922399     1.5628 1.1510e+00     2.1684    231.356     80.228     12.275    26.7196    20.2693    1485.07 0.0000e+00
        512 152.519337     12.513    11.4086  30.937218     1.6139 1.0748e+00     2.1685    231.381     80.244     12.399    26.7337    20.2803    1485.09 0.0000e+00
        513 152.519340     12.638    11.4081  30.949660     1.6588 1.0357e+00     2.1684    231.421     80.263     12.523    26.7459    20.2898    1485.10 0.0000e+00
        514 152.519343     12.763    11.4072  30.962121     1.5113 1.0350e+00     2.1688    231.570     80.320     12.646    26.7584    20.2996    1485.12 0.0000e+00
        515 152.519346     12.888    11.4057  30.976312     1.5550 9.8795e-01     2.1687    231.601     80.335     12.770    26.7730    20.3112    1485.13 0.0000e+00
        516 152.519349     13.013    11.4037  30.992668     1.4874 1.0081e+00     2.1691    231.816     80.415     12.894    26.7900    20.3247    1485.15 0.0000e+00
        517 152.519352     13.138    11.4014  31.011111     1.4515 9.4944e-01     2.1701    232.168     80.543     13.018    26.8093    20.3400    1485.16 0.0000e+00
        518 152.519355     13.263    11.3993  31.031433     1.4289 8.8143e-01     2.1710    232.453     80.649     13.142    26.8301    20.3566    1485.18 0.0000e+00
        519 152.519358     13.387    11.3978  31.052549     1.4734 8.4937e-01     2.1718    232.669     80.732     13.265    26.8514    20.3733    1485.20 0.0000e+00
        520 152.519361     13.512    11.3970  31.072902     1.4141 8.4299e-01     2.1727    232.811     80.790     13.389    26.8713    20.3889    1485.23 0.0000e+00
        521 152.519363     13.636    11.3970  31.092251     1.4301 8.2826e-01     2.1743    233.015     80.870     13.511    26.8898    20.4032    1485.25 0.0000e+00
        522 152.519366     13.760    11.3976  31.112082     1.5150 7.9518e-01     2.1753    233.016     80.881     13.634    26.9082    20.4175    1485.28 0.0000e+00
        523 152.519369     13.883    11.3986  31.134872     1.4437 7.5100e-01     2.1759    232.987     80.884     13.756    26.9292    20.4336    1485.31 0.0000e+00
        524 152.519372     14.007    11.4001  31.161988     1.4870 7.2355e-01     2.1768    232.967     80.892     13.879    26.9540    20.4525    1485.35 0.0000e+00
        525 152.519375     14.130    11.4022  31.191179     1.5068 6.9029e-01     2.1779    232.908     80.889     14.001    26.9803    20.4726    1485.39 0.0000e+00
        526 152.519378     14.253    11.4047  31.219453     1.4400 6.7745e-01     2.1775    232.679     80.826     14.123    27.0055    20.4917    1485.43 0.0000e+00
        527 152.519381     14.376    11.4075  31.247446     1.4581 6.5190e-01     2.1786    232.659     80.837     14.245    27.0302    20.5103    1485.47 0.0000e+00
        528 152.519384     14.499    11.4104  31.274852     1.4701 6.3058e-01     2.1792    232.616     80.839     14.367    27.0542    20.5285    1485.51 0.0000e+00
        529 152.519387     14.622    11.4132  31.297238     1.4713 6.0091e-01     2.1792    232.562     80.835     14.488    27.0735    20.5430    1485.54 0.0000e+00
        530 152.519389     14.745    11.4156  31.312722     1.3741 5.2966e-01     2.1793    232.455     80.809     14.610    27.0865    20.5527    1485.57 0.0000e+00
        531 152.519392     14.867    11.4175  31.323444     1.4231 5.4553e-01     2.1793    232.259     80.748     14.731    27.0953    20.5592    1485.59 0.0000e+00
        532 152.519395     14.989    11.4188  31.331722     1.3597 5.3454e-01     2.1801    232.323     80.777     14.852    27.1022    20.5643    1485.61 0.0000e+00
        533 152.519398     15.111    11.4196  31.339462     1.4215 4.9860e-01     2.1808    232.424     80.816     14.973    27.1090    20.5695    1485.62 0.0000e+00
        534 152.519401     15.233    11.4198  31.348571     1.3803 4.7087e-01     2.1795    232.168     80.732     15.094    27.1175    20.5760    1485.63 0.0000e+00
        535 152.519404     15.356    11.4196  31.361262     1.4194 4.6244e-01     2.1794    231.991     80.677     15.216    27.1297    20.5856    1485.65 0.0000e+00
        536 152.519407     15.478    11.4188  31.380114     1.3799 4.5736e-01     2.1802    232.004     80.689     15.337    27.1483    20.6001    1485.67 0.0000e+00
        537 152.519410     15.599    11.4174  31.407174     1.4000 4.4158e-01     2.1804    231.970     80.689     15.456    27.1752    20.6212    1485.70 0.0000e+00
        538 152.519413     15.721    11.4150  31.442877     1.4075 4.2563e-01     2.1798    231.994     80.711     15.577    27.2110    20.6494    1485.73 0.0000e+00
        539 152.519416     15.843    11.4116  31.485574     1.3209 3.9617e-01     2.1788    231.768     80.649     15.698    27.2543    20.6835    1485.78 0.0000e+00
        540 152.519418     15.965    11.4071  31.530736     1.2736 3.9702e-01     2.1795    231.749     80.658     15.819    27.3008    20.7204    1485.82 0.0000e+00
        541 152.519421     16.088    11.4018  31.572323     1.3646 3.4778e-01     2.1791    231.694     80.652     15.941    27.3445    20.7551    1485.85 0.0000e+00
        542 152.519424     16.211    11.3963  31.606047     1.2629 3.1241e-01     2.1801    231.956     80.752     16.063    27.3808    20.7842    1485.88 0.0000e+00
        543 152.519427     16.335    11.3914  31.630805     1.3527 3.0206e-01     2.1793    231.863     80.725     16.186    27.4081    20.8062    1485.90 0.0000e+00
        544 152.519430     16.459    11.3872  31.648189     1.3061 2.8089e-01     2.1790    231.744     80.687     16.309    27.4278    20.8222    1485.91 0.0000e+00
        545 152.519433     16.585    11.3840  31.661131     1.2204 2.6436e-01     2.1792    231.729     80.683     16.433    27.4425    20.8342    1485.92 0.0000e+00
        546 152.519436     16.711    11.3813  31.672296     1.2958 2.5063e-01     2.1800    231.829     80.720     16.558    27.4552    20.8445    1485.92 0.0000e+00
        547 152.519439     16.837    11.3788  31.683321     1.2056 2.4178e-01     2.1793    231.918     80.753     16.683    27.4675    20.8545    1485.93 0.0000e+00
        548 152.519442     16.962    11.3761  31.694239     1.2282 2.3010e-01     2.1792    231.867     80.737     16.807    27.4800    20.8646    1485.94 0.0000e+00
        549 152.519444     17.088    11.3729  31.703512     1.2130 2.1750e-01     2.1788    231.759     80.699     16.932    27.4912    20.8738    1485.94 0.0000e+00
        550 152.519447     17.213    11.3696  31.710138     1.1895 2.2254e-01     2.1795    231.780     80.705     17.056    27.4999    20.8812    1485.94 0.0000e+00
        551 152.519450     17.339    11.3666  31.714616     1.2147 2.0756e-01     2.1807    232.025     80.789     17.180    27.5064    20.8867    1485.94 0.0000e+00
        552 152.519453     17.464    11.3643  31.717656     1.3325 2.0085e-01     2.1792    231.787     80.704     17.304    27.5110    20.8907    1485.94 0.0000e+00
        553 152.519456     17.590    11.3627  31.719607     1.3284 2.0418e-01     2.1793    231.758     80.693     17.429    27.5140    20.8933    1485.94 0.0000e+00
        554 152.519459     17.716    11.3617  31.720750     1.2192 2.0271e-01     2.1788    231.624     80.645     17.554    27.5158    20.8949    1485.94 0.0000e+00
        555 152.519462     17.842    11.3612  31.721411     1.2542 1.9097e-01     2.1795    231.700     80.671     17.679    27.5168    20.8957    1485.94 0.0000e+00
        556 152.519465     17.968    11.3611  31.721778     1.2744 1.9616e-01     2.1790    231.697     80.670     17.804    27.5172    20.8960    1485.95 0.0000e+00
        557 152.519468     18.093    11.3611  31.721986     1.2810 1.8322e-01     2.1789    231.610     80.640     17.928    27.5173    20.8961    1485.95 0.0000e+00
        558 152.519470     18.217    11.3612  31.722301     1.2600 1.6885e-01     2.1791    231.529     80.612     18.050    27.5175    20.8963    1485.95 0.0000e+00
        559 152.519473     18.342    11.3613  31.722894     1.2295 1.6627e-01     2.1788    231.282     80.527     18.174    27.5179    20.8966    1485.95 0.0000e+00
        560 152.519476     18.467    11.3614  31.723730     1.2427 1.5990e-01     2.1782    231.055     80.448     18.298    27.5186    20.8971    1485.96 0.0000e+00
        561 152.519479     18.591    11.3615  31.724982     1.1491 1.4355e-01     2.1778    230.789     80.356     18.421    27.5197    20.8979    1485.96 0.0000e+00
        562 152.519482     18.715    11.3616  31.726972     1.1965 1.3972e-01     2.1769    230.429     80.232     18.544    27.5215    20.8993    1485.97 0.0000e+00
        563 152.519485     18.839    11.3617  31.729426     1.2839 1.3054e-01     2.1758    230.062     80.105     18.667    27.5237    20.9010    1485.97 0.0000e+00
        564 152.519488     18.963    11.3616  31.731717     1.2311 8.1773e-02     2.1749    229.875     80.041     18.790    27.5260    20.9028    1485.97 0.0000e+00
        565 152.519491     19.087    11.3610  31.733730     1.2657 6.8587e-02     2.1736    229.673     79.971     18.912    27.5283    20.9047    1485.98 0.0000e+00
        566 152.519494     19.210    11.3596  31.735512     1.3659 6.0329e-02     2.1721    229.453     79.894     19.034    27.5310    20.9070    1485.98 0.0000e+00
        567 152.519497     19.333    11.3570  31.736465     1.2624 7.5637e-02     2.1704    229.241     79.817     19.156    27.5338    20.9096    1485.97 0.0000e+00
        568 152.519499     19.455    11.3527  31.735828     1.1730 6.0611e-02     2.1704    229.320     79.838     19.277    27.5363    20.9123    1485.96 0.0000e+00
        569 152.519502     19.578    11.3467  31.733623     1.2093 5.2659e-02     2.1695    229.337     79.835     19.399    27.5386    20.9152    1485.95 0.0000e+00
        570 152.519505     19.700    11.3392  31.730770     1.1220 5.6442e-02     2.1679    229.142     79.755     19.520    27.5415    20.9186    1485.93 0.0000e+00
        571 152.519508     19.822    11.3311  31.728313     1.0989 6.3536e-02     2.1669    229.035     79.706     19.641    27.5451    20.9228    1485.90 0.0000e+00
        572 152.519511     19.945    11.3235  31.726440     1.0861 5.6891e-02     2.1663    228.994     79.681     19.763    27.5489    20.9270    1485.88 0.0000e+00
        573 152.519514     20.067    11.3172  31.724875     1.0803 5.3412e-02     2.1657    229.028     79.683     19.883    27.5520    20.9305    1485.87 0.0000e+00
        574 152.519517     20.190    11.3122  31.723361     1.1706 4.8224e-02     2.1636    228.902     79.632     20.005    27.5543    20.9331    1485.85 0.0000e+00
        575 152.519520     20.313    11.3080  31.721722     1.2159 5.3242e-02     2.1630    228.934     79.637     20.127    27.5558    20.9350    1485.84 0.0000e+00
        576 152.519523     20.435    11.3043  31.720141     1.2274 6.5642e-02     2.1630    229.031     79.665     20.248    27.5570    20.9366    1485.83 0.0000e+00
        577 152.519525     20.558    11.3010  31.718945     1.1434 4.5876e-02     2.1621    229.102     79.684     20.370    27.5583    20.9381    1485.82 0.0000e+00
        578 152.519528     20.682    11.2983  31.718216     1.1813 5.5277e-02     2.1618    229.089     79.676     20.493    27.5595    20.9395    1485.82 0.0000e+00
        579 152.519531     20.806    11.2962  31.717725     1.0589 3.8706e-02     2.1613    228.955     79.626     20.616    27.5606    20.9407    1485.81 0.0000e+00
        580 152.519534     20.930    11.2946  31.717234     1.0606 4.0328e-02     2.1607    228.801     79.570     20.738    27.5612    20.9415    1485.81 0.0000e+00
        581 152.519537     21.054    11.2934  31.716635     1.0770 3.2319e-02     2.1611    228.871     79.592     20.861    27.5615    20.9419    1485.81 0.0000e+00
        582 152.519540     21.178    11.2923  31.715899     1.0132 2.8478e-02     2.1586    228.504     79.463     20.984    27.5616    20.9422    1485.81 0.0000e+00
        583 152.519543     21.302    11.2910  31.715073     1.1034 3.3378e-02     2.1584    228.513     79.464     21.107    27.5617    20.9425    1485.81 0.0000e+00
        584 152.519546     21.425    11.2897  31.714263     1.0375 2.9381e-02     2.1578    228.465     79.445     21.229    27.5619    20.9428    1485.80 0.0000e+00
        585 152.519549     21.548    11.2884  31.713560     1.0606 2.1206e-02     2.1575    228.467     79.444     21.351    27.5621    20.9432    1485.80 0.0000e+00
        586 152.519552     21.671    11.2872  31.712983     1.1055 2.3609e-02     2.1569    228.581     79.482     21.473    27.5624    20.9437    1485.80 0.0000e+00
        587 152.519554     21.794    11.2860  31.712477     1.0688 1.5934e-02     2.1566    228.601     79.487     21.595    27.5628    20.9442    1485.80 0.0000e+00
        588 152.519557     21.917    11.2850  31.711994     1.1372 1.3423e-02     2.1559    228.566     79.473     21.716    27.5630    20.9445    1485.80 0.0000e+00
        589 152.519560     22.040    11.2840  31.711556     1.1574 9.7975e-03     2.1554    228.560     79.469     21.838    27.5633    20.9449    1485.79 0.0000e+00
