CTD_data_day2/sbe55_sbe19p_5262_20260601_re8_1m.cnv
* Sea-Bird SBE 19plus Data File:
* FileName = C:\Data\sbe55_sbe19p_5262\2026-06-01\sbe55_sbe19p_5262_20260601_re8075.hex
* Software Version SeatermAF 2.1.4
* Temperature SN = 5262
* Conductivity SN = 5262
* System UpLoad Time = Jun 01 2026 15:21:54 (localtime) = Jun 01 2026 15:21:54 (UTC)
* ds
* SeacatPlus V 1.6b  SERIAL NO. 5262    01 Jun 2026  15:21:26
# nquan = 15
# nvalues = 71                          
# units = specified
# name 0 = scan: Scan Count
# name 1 = timeJ: Julian Days
# name 2 = prdM: Pressure, Strain Gauge [db]
# name 3 = tv290C: Temperature [ITS-90, deg C]
# name 4 = c0mS/cm: Conductivity [mS/cm]
# name 5 = wetStar: Fluorescence, WET Labs WETstar [mg/m^3]
# name 6 = par: PAR/Irradiance, Biospherical/Licor [umol photons/m^2/sec]
# name 7 = sbeox0V: Oxygen raw, SBE 43 [V]
# name 8 = sbeox0Mm/L: Oxygen, SBE 43 [umol/l], WS = 2
# name 9 = sbeox0PS: Oxygen, SBE 43 [% saturation], WS = 2
# name 10 = depSM: Depth [salt water, m], lat = 56
# name 11 = sal00: Salinity, Practical [PSU]
# name 12 = sigma-é00: Density [sigma-theta, kg/m^3]
# name 13 = svCM: Sound Velocity [Chen-Millero, m/s]
# name 14 = flag: flag
# span 0 =        356,       1004       
# span 1 = 152.605505, 152.607382       
# span 2 =      1.000,     36.000       
# span 3 =     9.9802,    10.8472       
# span 4 =  35.437555,  36.428302       
# span 5 =     0.9803,     4.7253       
# span 6 = 2.6772e-01, 5.5531e+02       
# span 7 =     2.1669,     2.3658       
# span 8 =    229.712,    254.323       
# span 9 =     80.392,     89.933       
# span 10 =      0.991,     35.669      
# span 11 =    31.5548,    32.9658      
# span 12 =    24.1205,    25.3662      
# span 13 =    1487.87,    1489.13      
# span 14 = 0.0000e+00, 0.0000e+00      
# interval = decibars: 1                
# start_time = Jun 01 2026 14:30:27 [Instrument's time stamp, header]
# bad_flag = -9.990e-29
*END*
        356 152.605505      1.000    10.8472  35.437555     1.6304 5.3645e+02     2.3275    249.995     88.318      0.991    31.5548    24.1205    1488.70 0.0000e+00
        368 152.605542      2.000    10.7361  35.856727     2.2775 3.3094e+02     2.3450    252.820     89.393      1.982    32.0665    24.5380    1488.93 0.0000e+00
        379 152.605572      3.000    10.6563  36.168905     3.1385 2.3068e+02     2.3576    252.959     89.505      2.973    32.4474    24.8483    1489.13 0.0000e+00
        389 152.605601      4.000    10.6047  36.266576     3.9731 1.7338e+02     2.3585    253.045     89.517      3.964    32.5904    24.9686    1489.13 0.0000e+00
        399 152.605630      5.000    10.5332  36.380885     4.7253 1.3316e+02     2.3647    254.323     89.933      4.954    32.7684    25.1196    1489.11 0.0000e+00
        408 152.605658      6.000    10.5112  36.424625     4.5777 1.0531e+02     2.3658    253.515     89.641      5.946    32.8316    25.1727    1489.12 0.0000e+00
        417 152.605684      7.000    10.4999  36.428302     4.0578 8.6459e+01     2.3606    251.759     89.006      6.937    32.8450    25.1851    1489.12 0.0000e+00
        427 152.605712      8.000    10.4652  36.408443     4.1116 6.9889e+01     2.3424    247.661     87.498      7.927    32.8560    25.1996    1489.02 0.0000e+00
        436 152.605739      9.000    10.4175  36.386872     3.3535 5.6285e+01     2.3200    245.375     86.612      8.918    32.8770    25.2242    1488.89 0.0000e+00
        446 152.605766     10.000    10.3922  36.375361     3.4036 4.5774e+01     2.3036    243.939     86.064      9.908    32.8879    25.2370    1488.83 0.0000e+00
        455 152.605793     11.000    10.3686  36.361785     3.8162 3.7007e+01     2.2893    242.132     85.387     10.900    32.8951    25.2467    1488.78 0.0000e+00
        465 152.605820     12.000    10.3376  36.341774     2.8669 2.9969e+01     2.2743    240.353     84.707     11.890    32.9026    25.2579    1488.69 0.0000e+00
        474 152.605847     13.000    10.3119  36.328132     3.1012 2.4555e+01     2.2647    240.161     84.597     12.881    32.9118    25.2694    1488.63 0.0000e+00
        483 152.605874     14.000    10.3033  36.323430     2.9087 2.0121e+01     2.2594    239.867     84.479     13.872    32.9144    25.2729    1488.61 0.0000e+00
        492 152.605901     15.000    10.2948  36.318157     2.6406 1.6481e+01     2.2554    239.206     84.232     14.863    32.9164    25.2759    1488.60 0.0000e+00
        502 152.605928     16.000    10.2823  36.307895     2.7167 1.3451e+01     2.2487    238.227     83.865     15.854    32.9169    25.2784    1488.57 0.0000e+00
        511 152.605955     17.000    10.2612  36.297381     2.6031 1.0988e+01     2.2437    237.979     83.743     16.845    32.9250    25.2884    1488.52 0.0000e+00
        520 152.605982     18.000    10.2579  36.295969     2.1504 9.1866e+00     2.2396    237.414     83.539     17.836    32.9262    25.2899    1488.53 0.0000e+00
        530 152.606009     19.000    10.2491  36.287064     1.9903 7.6137e+00     2.2344    236.526     83.210     18.826    32.9247    25.2902    1488.51 0.0000e+00
        539 152.606035     20.000    10.2170  36.261176     2.0005 6.2865e+00     2.2277    235.788     82.894     19.817    32.9273    25.2977    1488.42 0.0000e+00
        548 152.606062     21.000    10.1921  36.247639     2.1980 5.2032e+00     2.2230    235.706     82.825     20.808    32.9358    25.3086    1488.35 0.0000e+00
        557 152.606089     22.000    10.1880  36.246323     1.9502 4.2972e+00     2.2212    235.760     82.838     21.799    32.9378    25.3108    1488.36 0.0000e+00
        567 152.606116     23.000    10.1884  36.246772     1.8538 3.5436e+00     2.2184    235.083     82.600     22.789    32.9374    25.3105    1488.38 0.0000e+00
        576 152.606144     24.000    10.1757  36.236460     1.9687 2.9124e+00     2.2154    234.907     82.516     23.780    32.9381    25.3132    1488.35 0.0000e+00
        586 152.606172     25.000    10.1648  36.230579     1.9136 2.3807e+00     2.2114    234.280     82.278     24.771    32.9416    25.3178    1488.33 0.0000e+00
        595 152.606199     26.000    10.1509  36.219329     1.9105 1.9495e+00     2.2100    234.853     82.455     25.762    32.9424    25.3208    1488.30 0.0000e+00
        605 152.606226     27.000    10.1321  36.208661     1.7001 1.5808e+00     2.2120    235.337     82.595     26.752    32.9483    25.3285    1488.25 0.0000e+00
        614 152.606253     28.000    10.1285  36.206344     1.6163 1.2797e+00     2.2131    235.627     82.690     27.743    32.9488    25.3296    1488.26 0.0000e+00
        624 152.606282     29.000    10.1224  36.202511     1.2483 1.0457e+00     2.2156    235.901     82.776     28.734    32.9500    25.3316    1488.25 0.0000e+00
        634 152.606310     30.000    10.1150  36.195642     0.9803 8.7577e-01     2.2141    234.841     82.390     29.725    32.9494    25.3323    1488.24 0.0000e+00
        643 152.606337     31.000    10.0862  36.170919     1.5466 7.4162e-01     2.2056    233.525     81.877     30.716    32.9502    25.3378    1488.16 0.0000e+00
        653 152.606366     32.000    10.0657  36.157574     1.4100 6.2745e-01     2.2006    233.590     81.866     31.706    32.9548    25.3449    1488.10 0.0000e+00
        663 152.606394     33.000    10.0515  36.145327     1.4923 5.0784e-01     2.1968    232.809     81.568     32.697    32.9549    25.3473    1488.07 0.0000e+00
        673 152.606423     34.000    10.0332  36.131441     1.8034 4.2325e-01     2.1890    231.513     81.082     33.688    32.9571    25.3521    1488.02 0.0000e+00
        683 152.606451     35.000    10.0112  36.111671     1.8964 3.4371e-01     2.1791    229.712     80.413     34.678    32.9566    25.3554    1487.96 0.0000e+00
        701 152.606503     36.000     9.9802  36.091256     1.8282 2.6772e-01     2.1669    229.797     80.392     35.669    32.9638    25.3662    1487.87 0.0000e+00
        716 152.606548     35.000     9.9971  36.105379     1.6916 3.5678e-01     2.1728    231.308     80.950     34.679    32.9631    25.3629    1487.92 0.0000e+00
        725 152.606574     34.000    10.0087  36.117954     1.7070 4.3646e-01     2.1783    232.218     81.290     33.688    32.9658    25.3630    1487.95 0.0000e+00
        734 152.606600     33.000    10.0266  36.133082     2.1747 5.3087e-01     2.1853    233.117     81.637     32.697    32.9652    25.3596    1487.99 0.0000e+00
        743 152.606625     32.000    10.0440  36.145999     1.5224 6.6050e-01     2.1906    233.539     81.814     31.707    32.9629    25.3548    1488.04 0.0000e+00
        751 152.606649     31.000    10.0588  36.158332     1.4941 7.9899e-01     2.1967    234.675     82.238     30.716    32.9624    25.3519    1488.07 0.0000e+00
        759 152.606673     30.000    10.0791  36.175855     1.6364 9.6478e-01     2.2041    235.468     82.552     29.725    32.9620    25.3482    1488.13 0.0000e+00
        767 152.606696     29.000    10.1022  36.191924     1.3097 1.1699e+00     2.2096    235.759     82.694     28.734    32.9578    25.3410    1488.19 0.0000e+00
        775 152.606720     28.000    10.1145  36.199976     1.0436 1.4365e+00     2.2139    236.098     82.833     27.743    32.9551    25.3368    1488.22 0.0000e+00
        784 152.606744     27.000    10.1220  36.204585     1.2277 1.8086e+00     2.2160    235.858     82.762     26.753    32.9534    25.3342    1488.22 0.0000e+00
        792 152.606767     26.000    10.1283  36.208790     1.5570 2.3613e+00     2.2158    235.327     82.586     25.762    32.9523    25.3323    1488.23 0.0000e+00
        800 152.606790     25.000    10.1389  36.217514     1.7667 3.0637e+00     2.2129    234.754     82.404     24.771    32.9520    25.3302    1488.25 0.0000e+00
        808 152.606813     24.000    10.1517  36.225135     2.0398 3.8701e+00     2.2117    234.923     82.484     23.780    32.9485    25.3253    1488.28 0.0000e+00
        816 152.606836     23.000    10.1624  36.232614     1.8884 4.7177e+00     2.2131    235.395     82.668     22.789    32.9467    25.3221    1488.30 0.0000e+00
        824 152.606860     22.000    10.1770  36.242580     1.8960 5.6533e+00     2.2159    235.681     82.793     21.799    32.9440    25.3175    1488.33 0.0000e+00
        832 152.606883     21.000    10.1898  36.250762     1.8752 7.0331e+00     2.2181    235.920     82.899     20.808    32.9411    25.3131    1488.35 0.0000e+00
        840 152.606908     20.000    10.1981  36.255611     1.9219 8.9810e+00     2.2198    235.880     82.899     19.817    32.9388    25.3099    1488.37 0.0000e+00
        848 152.606931     19.000    10.2034  36.258743     1.6052 1.1160e+01     2.2215    236.077     82.977     18.826    32.9377    25.3081    1488.37 0.0000e+00
        856 152.606954     18.000    10.2111  36.264885     1.9998 1.3732e+01     2.2240    236.704     83.211     17.836    32.9373    25.3065    1488.38 0.0000e+00
        864 152.606977     17.000    10.2251  36.275537     1.7161 1.7241e+01     2.2286    237.504     83.517     16.845    32.9358    25.3029    1488.41 0.0000e+00
        872 152.607001     16.000    10.2424  36.287984     2.6529 2.1033e+01     2.2337    238.095     83.754     15.854    32.9330    25.2978    1488.45 0.0000e+00
        880 152.607023     15.000    10.2573  36.298722     2.8088 2.4852e+01     2.2390    238.815     84.033     14.863    32.9308    25.2935    1488.49 0.0000e+00
        888 152.607046     14.000    10.2766  36.311061     2.6021 2.8489e+01     2.2445    239.309     84.240     13.872    32.9261    25.2866    1488.53 0.0000e+00
        896 152.607069     13.000    10.2904  36.319031     3.0745 3.2548e+01     2.2493    239.854     84.455     12.881    32.9221    25.2811    1488.56 0.0000e+00
        904 152.607093     12.000    10.3005  36.325560     3.0095 3.7536e+01     2.2540    240.577     84.727     11.890    32.9199    25.2777    1488.58 0.0000e+00
        912 152.607116     11.000    10.3147  36.336344     3.4071 4.4514e+01     2.2618    242.296     85.358     10.900    32.9184    25.2740    1488.61 0.0000e+00
        920 152.607139     10.000    10.3368  36.351377     3.4538 5.3351e+01     2.2746    244.565     86.196      9.909    32.9139    25.2668    1488.67 0.0000e+00
        928 152.607162      9.000    10.3718  36.372055     3.6484 6.3924e+01     2.2893    246.583     86.968      8.918    32.9035    25.2526    1488.76 0.0000e+00
        936 152.607185      8.000    10.3968  36.384335     3.8384 7.8492e+01     2.3047    248.849     87.809      7.927    32.8936    25.2407    1488.83 0.0000e+00
        944 152.607207      7.000    10.4281  36.400268     3.7539 9.7201e+01     2.3236    251.673     88.859      6.936    32.8818    25.2260    1488.91 0.0000e+00
        952 152.607230      6.000    10.4603  36.410599     3.3163 1.2264e+02     2.3405    252.815     89.314      5.945    32.8635    25.2062    1488.98 0.0000e+00
        959 152.607252      5.000    10.4864  36.403544     3.7585 1.6119e+02     2.3503    253.005     89.413      4.954    32.8333    25.1783    1489.02 0.0000e+00
        968 152.607278      4.000    10.5154  36.353637     4.0051 2.1703e+02     2.3573    253.627     89.646      3.964    32.7576    25.1143    1489.02 0.0000e+00
        979 152.607310      3.000    10.5747  36.274157     3.8498 2.8877e+02     2.3622    253.511     89.645      2.973    32.6252    25.0009    1489.05 0.0000e+00
        992 152.607346      2.000    10.6200  36.192203     3.1577 3.9284e+02     2.3639    253.410     89.627      1.982    32.5033    24.8981    1489.05 0.0000e+00
       1004 152.607382      1.000    10.6762  35.969889     2.1627 5.5531e+02     2.3544    249.126     88.067      0.991    32.2322    24.6773    1488.91 0.0000e+00
