CTD_data_day2/sbe55_sbe19p_5262_20260601_re5.cnv
* Sea-Bird SBE 19plus Data File:
* FileName = C:\Data\sbe55_sbe19p_5262\2026-06-01\sbe55_sbe19p_5262_20260601_re5069.hex
* Software Version SeatermAF 2.1.4
* Temperature SN = 5262
* Conductivity SN = 5262
* System UpLoad Time = Jun 01 2026 09:59:08 (localtime) = Jun 01 2026 09:59:08 (UTC)
* ds
* SeacatPlus V 1.6b  SERIAL NO. 5262    01 Jun 2026  09:58:16
# nquan = 15                                
# nvalues = 2337                        
# units = specified
# name 0 = scan: Scan Count
# name 1 = timeJ: Julian Days
# name 2 = prdM: Pressure, Strain Gauge [db]
# name 3 = tv290C: Temperature [ITS-90, deg C]
# name 4 = c0mS/cm: Conductivity [mS/cm]
# name 5 = wetStar: Fluorescence, WET Labs WETstar [mg/m^3]
# name 6 = par: PAR/Irradiance, Biospherical/Licor [umol photons/m^2/sec]
# name 7 = sbeox0V: Oxygen raw, SBE 43 [V]
# name 8 = sbeox0Mm/L: Oxygen, SBE 43 [umol/l], WS = 2
# name 9 = sbeox0PS: Oxygen, SBE 43 [% saturation], WS = 2
# name 10 = depSM: Depth [salt water, m], lat = 56
# name 11 = sal00: Salinity, Practical [PSU]
# name 12 = sigma-é00: Density [sigma-theta, kg/m^3]
# name 13 = svCM: Sound Velocity [Chen-Millero, m/s]
# name 14 = flag: flag
# span 0 =        301,       2637       
# span 1 = 152.393634, 152.400394       
# span 2 =     -0.234,    144.704       
# span 3 =    10.2173,    13.2006       
# span 4 =   3.228305,  31.292872       
# span 5 =     0.0343,     4.8064       
# span 6 = 1.0000e-12, 9.1171e+02       
# span 7 =     1.0723,     2.2886       
# span 8 =     78.062,    253.241       
# span 9 =     27.162,     85.760       
# span 10 =     -0.232,    143.337      
# span 11 =     2.2848,    26.9621      
# span 12 =     1.2532,    20.4450      
# span 13 =    1458.63,    1487.85      
# span 14 = 0.0000e+00, 0.0000e+00      
# interval = seconds: 0.25
# start_time = Jun 01 2026 09:25:35 [Instrument's time stamp, header]
# bad_flag = -9.990e-29
*END*
[from data line 2121]
       2422 152.399771     24.643    10.6004  29.482092     0.3709 1.0000e-12     2.0446    219.133     74.282     24.417    25.9081    19.7713    1481.39 0.0000e+00
       2423 152.399774     24.492    10.6002  29.478502     0.3758 1.0000e-12     2.0446    219.160     74.289     24.268    25.9049    19.7688    1481.39 0.0000e+00
       2424 152.399777     24.340    10.5999  29.474807     0.3787 1.0000e-12     2.0449    219.214     74.305     24.117    25.9015    19.7663    1481.38 0.0000e+00
       2425 152.399780     24.187    10.5992  29.470500     0.3705 1.0000e-12     2.0443    219.132     74.274     23.966    25.8979    19.7636    1481.37 0.0000e+00
       2426 152.399783     24.034    10.5981  29.464909     0.3594 1.0000e-12     2.0449    219.210     74.297     23.814    25.8933    19.7602    1481.36 0.0000e+00
       2427 152.399786     23.881    10.5960  29.457671     0.3684 1.0000e-12     2.0446    219.170     74.277     23.662    25.8879    19.7562    1481.34 0.0000e+00
       2428 152.399789     23.727    10.5929  29.448792     0.3680 1.0000e-12     2.0446    219.206     74.281     23.510    25.8815    19.7518    1481.32 0.0000e+00
       2429 152.399792     23.574    10.5884  29.439102     0.3631 1.0000e-12     2.0446    219.248     74.286     23.358    25.8754    19.7477    1481.29 0.0000e+00
       2430 152.399795     23.422    10.5830  29.430145     0.3680 1.0000e-12     2.0448    219.289     74.288     23.208    25.8705    19.7448    1481.26 0.0000e+00
       2431 152.399797     23.269    10.5773  29.421692     0.3635 1.0000e-12     2.0446    219.263     74.268     23.056    25.8664    19.7425    1481.24 0.0000e+00
       2432 152.399800     23.117    10.5717  29.413022     0.3594 1.0000e-12     2.0449    219.364     74.291     22.905    25.8621    19.7400    1481.21 0.0000e+00
       2433 152.399803     22.965    10.5664  29.405163     0.3458 1.0000e-12     2.0446    219.357     74.279     22.755    25.8582    19.7379    1481.18 0.0000e+00
       2434 152.399806     22.813    10.5616  29.398423     0.3577 1.0000e-12     2.0449    219.481     74.311     22.604    25.8551    19.7362    1481.16 0.0000e+00
       2435 152.399809     22.661    10.5575  29.391770     0.3594 1.0000e-12     2.0442    219.452     74.293     22.454    25.8516    19.7341    1481.14 0.0000e+00
       2436 152.399812     22.507    10.5540  29.385244     0.3705 1.0000e-12     2.0450    219.626     74.345     22.301    25.8478    19.7317    1481.12 0.0000e+00
       2437 152.399815     22.354    10.5509  29.379538     0.3594 1.0000e-12     2.0449    219.678     74.355     22.149    25.8446    19.7297    1481.10 0.0000e+00
       2438 152.399818     22.199    10.5486  29.374719     0.3594 1.0000e-12     2.0455    219.737     74.370     21.996    25.8416    19.7277    1481.08 0.0000e+00
       2439 152.399821     22.044    10.5471  29.370328     0.3486 1.0000e-12     2.0454    219.783     74.382     21.842    25.8384    19.7255    1481.07 0.0000e+00
       2440 152.399823     21.890    10.5465  29.365446     0.3482 1.0000e-12     2.0457    219.722     74.358     21.690    25.8342    19.7223    1481.06 0.0000e+00
       2441 152.399826     21.735    10.5466  29.359108     0.3688 1.0000e-12     2.0457    219.696     74.347     21.536    25.8280    19.7175    1481.05 0.0000e+00
       2442 152.399829     21.580    10.5467  29.351444     0.3684 1.0000e-12     2.0453    219.552     74.294     21.383    25.8206    19.7117    1481.04 0.0000e+00
       2443 152.399832     21.426    10.5463  29.343639     0.3647 1.0000e-12     2.0461    219.578     74.299     21.230    25.8133    19.7061    1481.03 0.0000e+00
       2444 152.399835     21.273    10.5455  29.336448     0.3635 1.0000e-12     2.0455    219.421     74.242     21.078    25.8070    19.7013    1481.02 0.0000e+00
       2445 152.399838     21.121    10.5444  29.329550     0.3697 1.0000e-12     2.0457    219.348     74.213     20.928    25.8011    19.6969    1481.00 0.0000e+00
       2446 152.399841     20.969    10.5431  29.321841     0.3903 1.0000e-12     2.0453    219.252     74.175     20.777    25.7946    19.6920    1480.99 0.0000e+00
       2447 152.399844     20.818    10.5418  29.313206     0.4018 1.0000e-12     2.0446    219.125     74.126     20.628    25.7872    19.6865    1480.97 0.0000e+00
       2448 152.399847     20.667    10.5402  29.304956     0.3828 1.0000e-12     2.0447    219.266     74.168     20.478    25.7804    19.6814    1480.95 0.0000e+00
       2449 152.399850     20.516    10.5383  29.297196     0.3948 1.0000e-12     2.0438    219.148     74.122     20.328    25.7742    19.6770    1480.94 0.0000e+00
       2450 152.399852     20.365    10.5357  29.288333     0.3919 1.0000e-12     2.0440    219.229     74.142     20.179    25.7675    19.6722    1480.92 0.0000e+00
       2451 152.399855     20.215    10.5321  29.277115     0.3948 1.0000e-12     2.0442    219.315     74.162     20.030    25.7592    19.6663    1480.89 0.0000e+00
       2452 152.399858     20.065    10.5274  29.264624     0.3911 1.0000e-12     2.0446    219.285     74.140     19.881    25.7505    19.6602    1480.86 0.0000e+00
       2453 152.399861     19.915    10.5219  29.252775     0.3977 1.0000e-12     2.0437    219.139     74.078     19.733    25.7429    19.6552    1480.83 0.0000e+00
       2454 152.399864     19.766    10.5163  29.241842     0.3857 1.0000e-12     2.0434    219.039     74.032     19.585    25.7363    19.6509    1480.80 0.0000e+00
       2455 152.399867     19.617    10.5109  29.231121     0.3886 1.0000e-12     2.0433    218.929     73.983     19.438    25.7298    19.6467    1480.77 0.0000e+00
       2456 152.399870     19.468    10.5057  29.220185     0.4006 1.0000e-12     2.0420    218.649     73.876     19.290    25.7229    19.6421    1480.74 0.0000e+00
       2457 152.399873     19.319    10.5007  29.209671     0.4001 1.0000e-12     2.0420    218.633     73.860     19.142    25.7162    19.6378    1480.71 0.0000e+00
       2458 152.399876     19.170    10.4959  29.200528     0.3935 1.0000e-12     2.0420    218.545     73.820     18.995    25.7108    19.6343    1480.68 0.0000e+00
       2459 152.399878     19.020    10.4917  29.192513     0.3952 1.0000e-12     2.0409    218.330     73.738     18.846    25.7060    19.6312    1480.66 0.0000e+00
       2460 152.399881     18.871    10.4880  29.184318     0.4232 1.0000e-12     2.0399    218.140     73.665     18.698    25.7007    19.6277    1480.64 0.0000e+00
       2461 152.399884     18.722    10.4844  29.175043     0.4034 1.0000e-12     2.0392    217.975     73.601     18.551    25.6943    19.6232    1480.62 0.0000e+00
       2462 152.399887     18.573    10.4805  29.164167     0.3985 1.0000e-12     2.0382    217.777     73.524     18.403    25.6865    19.6178    1480.59 0.0000e+00
       2463 152.399890     18.424    10.4756  29.151668     0.4018 1.0000e-12     2.0376    217.682     73.480     18.256    25.6779    19.6119    1480.56 0.0000e+00
       2464 152.399893     18.276    10.4695  29.138709     0.4022 1.0000e-12     2.0364    217.432     73.382     18.109    25.6697    19.6064    1480.52 0.0000e+00
       2465 152.399896     18.128    10.4621  29.125981     0.3997 1.0000e-12     2.0361    217.322     73.329     17.962    25.6626    19.6020    1480.49 0.0000e+00
       2466 152.399899     17.980    10.4535  29.111806     0.3886 1.0000e-12     2.0347    217.035     73.215     17.816    25.6549    19.5974    1480.44 0.0000e+00
       2467 152.399902     17.831    10.4435  29.094416     0.3820 1.0000e-12     2.0333    216.793     73.113     17.668    25.6451    19.5913    1480.39 0.0000e+00
       2468 152.399905     17.682    10.4312  29.075029     0.3742 1.0000e-12     2.0317    216.578     73.016     17.520    25.6349    19.5854    1480.33 0.0000e+00
       2469 152.399907     17.533    10.4169  29.054850     0.3659 1.6452e-04     2.0307    216.512     72.966     17.373    25.6254    19.5802    1480.27 0.0000e+00
       2470 152.399910     17.383    10.4011  29.033627     0.3449 2.3962e-04     2.0290    216.460     72.919     17.224    25.6160    19.5753    1480.20 0.0000e+00
       2471 152.399913     17.233    10.3842  29.013273     0.3285 3.7495e-04     2.0281    216.534     72.913     17.075    25.6081    19.5718    1480.12 0.0000e+00
       2472 152.399916     17.083    10.3670  28.995544     0.3289 4.9544e-04     2.0268    216.535     72.883     16.927    25.6030    19.5705    1480.05 0.0000e+00
       2473 152.399919     16.933    10.3510  28.978026     0.3157 6.6137e-04     2.0262    216.595     72.875     16.778    25.5972    19.5684    1479.98 0.0000e+00
       2474 152.399922     16.783    10.3361  28.958416     0.3219 7.2179e-04     2.0252    216.639     72.862     16.630    25.5886    19.5641    1479.91 0.0000e+00
       2475 152.399925     16.633    10.3213  28.938368     0.3087 8.8817e-04     2.0243    216.708     72.857     16.481    25.5796    19.5593    1479.85 0.0000e+00
       2476 152.399928     16.482    10.3065  28.920632     0.3004 1.1156e-03     2.0233    216.848     72.877     16.331    25.5727    19.5563    1479.78 0.0000e+00
       2477 152.399931     16.332    10.2927  28.905291     0.2967 1.3283e-03     2.0224    216.976     72.896     16.183    25.5675    19.5543    1479.72 0.0000e+00
       2478 152.399933     16.181    10.2806  28.890949     0.2856 1.3436e-03     2.0218    217.227     72.958     16.033    25.5621    19.5520    1479.67 0.0000e+00
       2479 152.399936     16.030    10.2701  28.878224     0.2749 1.6790e-03     2.0218    217.499     73.030     15.884    25.5571    19.5497    1479.62 0.0000e+00
       2480 152.399939     15.879    10.2610  28.868683     0.2745 1.7402e-03     2.0221    217.918     73.155     15.734    25.5543    19.5489    1479.58 0.0000e+00
       2481 152.399942     15.727    10.2539  28.861735     0.2737 2.1233e-03     2.0220    218.191     73.234     15.583    25.5525    19.5486    1479.55 0.0000e+00
       2482 152.399945     15.576    10.2488  28.856025     0.2790 2.4463e-03     2.0225    218.512     73.333     15.434    25.5506    19.5479    1479.53 0.0000e+00
       2483 152.399948     15.424    10.2456  28.851778     0.2753 2.6778e-03     2.0222    218.696     73.388     15.283    25.5488    19.5469    1479.51 0.0000e+00
       2484 152.399951     15.273    10.2444  28.849764     0.2704 2.7397e-03     2.0238    219.112     73.525     15.133    25.5477    19.5463    1479.50 0.0000e+00
       2485 152.399954     15.122    10.2455  28.850318     0.2778 2.9100e-03     2.0241    219.346     73.606     14.984    25.5475    19.5460    1479.51 0.0000e+00
       2486 152.399957     14.971    10.2492  28.852621     0.2712 3.1582e-03     2.0251    219.688     73.726     14.834    25.5472    19.5452    1479.52 0.0000e+00
       2487 152.399959     14.820    10.2552  28.855470     0.2852 3.3760e-03     2.0264    220.058     73.860     14.685    25.5458    19.5432    1479.53 0.0000e+00
       2488 152.399962     14.670    10.2628  28.859146     0.3017 3.4851e-03     2.0272    220.322     73.960     14.536    25.5441    19.5407    1479.56 0.0000e+00
       2489 152.399965     14.519    10.2716  28.865257     0.3046 3.6256e-03     2.0284    220.740     74.114     14.386    25.5440    19.5392    1479.59 0.0000e+00
       2490 152.399968     14.367    10.2824  28.874862     0.3280 4.0013e-03     2.0303    221.123     74.262     14.236    25.5458    19.5390    1479.63 0.0000e+00
       2491 152.399971     14.216    10.2970  28.887396     0.3495 4.2369e-03     2.0317    221.420     74.386     14.086    25.5478    19.5383    1479.68 0.0000e+00
       2492 152.399974     14.064    10.3158  28.901153     0.3672 4.5520e-03     2.0341    221.855     74.564     13.936    25.5481    19.5356    1479.75 0.0000e+00
       2493 152.399977     13.913    10.3376  28.915764     0.3816 5.1538e-03     2.0362    222.150     74.698     13.786    25.5471    19.5315    1479.82 0.0000e+00
       2494 152.399980     13.763    10.3610  28.932716     0.4166 5.7916e-03     2.0376    222.214     74.758     13.637    25.5472    19.5280    1479.91 0.0000e+00
       2495 152.399983     13.612    10.3866  28.951690     0.4574 5.8076e-03     2.0398    222.292     74.827     13.488    25.5478    19.5244    1480.00 0.0000e+00
       2496 152.399986     13.462    10.4145  28.971456     0.4792 5.8556e-03     2.0420    222.264     74.863     13.339    25.5475    19.5199    1480.10 0.0000e+00
       2497 152.399988     13.311    10.4436  28.993531     0.5176 6.2086e-03     2.0440    222.376     74.950     13.189    25.5486    19.5163    1480.20 0.0000e+00
       2498 152.399991     13.160    10.4740  29.020110     0.5666 6.6275e-03     2.0454    222.286     74.972     13.040    25.5532    19.5151    1480.32 0.0000e+00
       2499 152.399994     13.009    10.5084  29.048732     0.6313 7.3407e-03     2.0463    221.898     74.899     12.890    25.5569    19.5126    1480.44 0.0000e+00
       2500 152.399997     12.858    10.5467  29.073568     0.6506 7.6504e-03     2.0475    221.641     74.874     12.741    25.5542    19.5046    1480.58 0.0000e+00
       2501 152.400000     12.706    10.5845  29.092768     0.6960 8.5858e-03     2.0504    221.636     74.931     12.590    25.5464    19.4926    1480.70 0.0000e+00
       2502 152.400003     12.554    10.6179  29.108038     0.7133 8.8831e-03     2.0507    221.325     74.877     12.439    25.5379    19.4807    1480.81 0.0000e+00
       2503 152.400006     12.402    10.6462  29.119586     0.7680 9.3974e-03     2.0503    221.033     74.820     12.289    25.5294    19.4697    1480.90 0.0000e+00
       2504 152.400009     12.250    10.6694  29.126901     0.8595 1.0535e-02     2.0518    220.988     74.839     12.138    25.5204    19.4590    1480.97 0.0000e+00
       2505 152.400012     12.097    10.6872  29.130524     0.7932 1.0283e-02     2.0520    220.793     74.798     11.987    25.5115    19.4493    1481.02 0.0000e+00
       2506 152.400014     11.945    10.7000  29.130967     0.8546 1.1245e-02     2.0525    220.950     74.868     11.836    25.5031    19.4407    1481.06 0.0000e+00
       2507 152.400017     11.793    10.7084  29.128550     0.8109 1.2251e-02     2.0539    221.169     74.952     11.685    25.4949    19.4331    1481.08 0.0000e+00
       2508 152.400020     11.642    10.7133  29.124000     0.8171 1.2921e-02     2.0543    221.197     74.966     11.536    25.4872    19.4263    1481.08 0.0000e+00
       2509 152.400023     11.490    10.7157  29.118655     0.8191 1.7259e-02     2.0549    221.341     75.015     11.385    25.4804    19.4206    1481.08 0.0000e+00
       2510 152.400026     11.339    10.7168  29.114793     0.8323 1.9407e-02     2.0563    221.541     75.083     11.236    25.4760    19.4170    1481.08 0.0000e+00
       2511 152.400029     11.187    10.7181  29.114102     0.8550 2.1337e-02     2.0564    221.491     75.067     11.085    25.4745    19.4156    1481.08 0.0000e+00
       2512 152.400032     11.035    10.7211  29.115701     0.8414 2.1731e-02     2.0576    221.631     75.119     10.934    25.4740    19.4148    1481.08 0.0000e+00
       2513 152.400035     10.882    10.7261  29.117342     0.8813 3.1742e-02     2.0584    221.691     75.147     10.783    25.4721    19.4125    1481.10 0.0000e+00
       2514 152.400038     10.730    10.7329  29.116887     0.8653 3.0292e-02     2.0591    221.740     75.172     10.632    25.4670    19.4075    1481.11 0.0000e+00
       2515 152.400041     10.578    10.7408  29.113336     0.8867 3.4341e-02     2.0596    221.757     75.187     10.481    25.4582    19.3994    1481.13 0.0000e+00
       2516 152.400043     10.425    10.7486  29.107545     0.8842 3.9230e-02     2.0601    221.796     75.208     10.330    25.4472    19.3896    1481.14 0.0000e+00
