CTD_data_day2/sbe55_sbe19p_5262_20260601_re7pt5.cnv
* Sea-Bird SBE 19plus Data File:
* FileName = C:\Data\sbe55_sbe19p_5262\2026-06-01\sbe55_sbe19p_5262_20260601_re7073.hex
* Software Version SeatermAF 2.1.4
* Temperature SN = 5262
* Conductivity SN = 5262
* System UpLoad Time = Jun 01 2026 13:38:18 (localtime) = Jun 01 2026 13:38:18 (UTC)
* ds
* SeacatPlus V 1.6b  SERIAL NO. 5262    01 Jun 2026  13:36:26
# nquan = 15                                
# nvalues = 643                         
# units = specified
# name 0 = scan: Scan Count
# name 1 = timeJ: Julian Days
# name 2 = prdM: Pressure, Strain Gauge [db]
# name 3 = tv290C: Temperature [ITS-90, deg C]
# name 4 = c0mS/cm: Conductivity [mS/cm]
# name 5 = wetStar: Fluorescence, WET Labs WETstar [mg/m^3]
# name 6 = par: PAR/Irradiance, Biospherical/Licor [umol photons/m^2/sec]
# name 7 = sbeox0V: Oxygen raw, SBE 43 [V]
# name 8 = sbeox0Mm/L: Oxygen, SBE 43 [umol/l], WS = 2
# name 9 = sbeox0PS: Oxygen, SBE 43 [% saturation], WS = 2
# name 10 = depSM: Depth [salt water, m], lat = 56
# name 11 = sal00: Salinity, Practical [PSU]
# name 12 = sigma-é00: Density [sigma-theta, kg/m^3]
# name 13 = svCM: Sound Velocity [Chen-Millero, m/s]
# name 14 = flag: flag
# span 0 =        301,        943       
# span 1 = 152.548981, 152.550839       
# span 2 =     -0.211,     36.150       
# span 3 =    11.3438,    11.5975       
# span 4 =   2.853165,  32.378012       
# span 5 =     0.0442,     3.6874       
# span 6 = 1.0000e-12, 9.6953e+02       
# span 7 =     1.9685,     2.2056       
# span 8 =    205.557,    235.061       
# span 9 =     69.303,     82.171       
# span 10 =     -0.209,     35.818      
# span 11 =     2.0454,    28.1115      
# span 12 =     1.1564,    21.3510      
# span 13 =    1455.47,    1487.09      
# span 14 = 0.0000e+00, 0.0000e+00      
# interval = seconds: 0.25
# start_time = Jun 01 2026 13:09:17 [Instrument's time stamp, header]
# bad_flag = -9.990e-29
*END*
[from data line 579]
        880 152.550657      2.675    11.3545  29.337241     2.6657 9.4238e+01     2.1400    229.515     78.762      2.651    25.2525    19.1406    1482.96 0.0000e+00
        881 152.550660      2.540    11.3560  29.330302     2.7802 1.0160e+02     2.1401    229.795     78.857      2.517    25.2449    19.1345    1482.96 0.0000e+00
        882 152.550663      2.405    11.3573  29.324443     2.7172 1.1168e+02     2.1417    230.122     78.968      2.383    25.2385    19.1293    1482.95 0.0000e+00
        883 152.550666      2.270    11.3585  29.317336     2.7477 1.3282e+02     2.1418    230.304     79.029      2.249    25.2310    19.1233    1482.94 0.0000e+00
        884 152.550668      2.135    11.3598  29.308115     2.8519 1.4220e+02     2.1430    230.492     79.091      2.116    25.2214    19.1157    1482.93 0.0000e+00
        885 152.550671      2.001    11.3613  29.296571     2.8812 1.5406e+02     2.1439    230.586     79.120      1.983    25.2095    19.1062    1482.92 0.0000e+00
        886 152.550674      1.866    11.3632  29.281610     3.0274 1.6616e+02     2.1433    230.408     79.054      1.849    25.1941    19.0939    1482.91 0.0000e+00
        887 152.550677      1.733    11.3655  29.260727     3.0320 1.7858e+02     2.1451    230.501     79.079      1.717    25.1727    19.0770    1482.89 0.0000e+00
        888 152.550680      1.599    11.3684  29.230097     2.8787 1.9474e+02     2.1449    229.998     78.896      1.584    25.1418    19.0525    1482.86 0.0000e+00
        889 152.550683      1.466    11.3724  29.185128     2.3340 2.0688e+02     2.1455    229.521     78.717      1.453    25.0965    19.0167    1482.82 0.0000e+00
        890 152.550686      1.334    11.3778  29.123341     2.3262 2.3673e+02     2.1460    228.938     78.495      1.322    25.0343    18.9677    1482.76 0.0000e+00
        891 152.550689      1.202    11.3853  29.039081     2.2595 3.0602e+02     2.1446    227.993     78.142      1.191    24.9495    18.9007    1482.69 0.0000e+00
        892 152.550692      1.072    11.3953  28.922918     2.3851 2.4101e+02     2.1414    227.056     77.780      1.062    24.8329    18.8087    1482.58 0.0000e+00
        893 152.550694      0.943    11.4087  28.776905     2.2862 2.4636e+02     2.1386    226.297     77.471      0.934    24.6859    18.6926    1482.45 0.0000e+00
        894 152.550697      0.817    11.4255  28.612347     0.9353 2.8271e+02     2.1351    225.789     77.244      0.810    24.5194    18.5608    1482.31 0.0000e+00
        895 152.550700      0.694    11.4441  28.424371     0.4018 3.5203e+02     2.1323    225.717     77.158      0.688    24.3299    18.4109    1482.15 0.0000e+00
        896 152.550703      0.574    11.4627  28.174321     0.3231 3.9420e+02     2.1300    225.769     77.086      0.569    24.0823    18.2160    1481.92 0.0000e+00
        897 152.550706      0.459    11.4810  27.804266     0.2749 8.8831e+02     2.1276    225.696     76.916      0.455    23.7227    17.9345    1481.55 0.0000e+00
        898 152.550709      0.351    11.5010  27.252498     0.3734 8.8924e+02     2.1265    225.633     76.671      0.348    23.1928    17.5209    1480.99 0.0000e+00
        899 152.550712      0.250    11.5237  26.415812     0.3000 8.4122e+02     2.1248    225.371     76.236      0.248    22.3977    16.9016    1480.12 0.0000e+00
        900 152.550715      0.159    11.5482  25.137505     0.2790 8.7760e+02     2.1209    224.945     75.557      0.158    21.1966    15.9681    1478.77 0.0000e+00
        901 152.550718      0.081    11.5718  23.927236     0.3569 9.1556e+02     2.1158    224.052     74.761      0.080    20.0676    15.0909    1477.51 0.0000e+00
        902 152.550720      0.017    11.5897  23.972922     0.2860 8.9018e+02     2.1081    221.057     73.806      0.017    20.0999    15.1131    1477.61 0.0000e+00
        903 152.550723     -0.034    11.5975  25.214361     0.3367 9.1379e+02     2.0993    216.675     72.877     -0.034    21.2396    15.9936    1479.00 0.0000e+00
        904 152.550726     -0.072    11.5937  26.439201     0.3322 9.3425e+02     2.0891    212.626     72.025     -0.071    22.3774    16.8747    1480.34 0.0000e+00
        905 152.550729     -0.103    11.5791  27.173526     0.1764 8.8940e+02     2.0791    209.689     71.319     -0.102    23.0705    17.4136    1481.11 -9.990e-29
        906 152.550732     -0.126    11.5571  27.551364     0.1295 8.8162e+02     2.0682    207.603     70.740     -0.125    23.4375    17.7013    1481.47 -9.990e-29
        907 152.550735     -0.144    11.5327  27.648689     0.1262 9.4266e+02     2.0575    206.244     70.287     -0.143    23.5440    17.7878    1481.51 -9.990e-29
        908 152.550738     -0.159    11.5100  27.478965     0.1220 9.3803e+02     2.0474    205.599     69.968     -0.158    23.3994    17.6794    1481.26 -9.990e-29
        909 152.550741     -0.170    11.4906  26.966245     0.1146 9.6953e+02     2.0377    205.557     69.718     -0.168    22.9317    17.3204    1480.63 -9.990e-29
        910 152.550744     -0.178    11.4750  25.946043     0.1311 9.1572e+02     2.0292    206.416     69.570     -0.176    21.9895    16.5934    1479.45 -9.990e-29
        911 152.550747     -0.185    11.4631  24.138160     0.1303 7.5109e+02     2.0212    208.269     69.440     -0.183    20.3210    15.3038    1477.42 -9.990e-29
        912 152.550749     -0.190    11.4547  21.063467     0.1159 8.5523e+02     2.0141    211.899     69.394     -0.188    17.5107    13.1308    1474.03 -9.990e-29
        913 152.550752     -0.195    11.4494  16.829471     0.0969 7.5162e+02     2.0072    216.958     69.360     -0.193    13.7143    10.1956    1469.48 -9.990e-29
        914 152.550755     -0.198    11.4466  12.790935     0.1006 9.6054e+02     2.0007    221.758     69.329     -0.196    10.1853     7.4668    1465.25 -9.990e-29
        915 152.550758     -0.201    11.4453  10.015549     0.0854 9.6477e+02     1.9945    225.014     69.303     -0.199     7.8215     5.6379    1462.41 -9.990e-29
        916 152.550761     -0.203    11.4449   8.305608     0.0829 9.2396e+02     1.9908    227.320     69.385     -0.201     6.3944     4.5328    1460.70 -9.990e-29
        917 152.550764     -0.204    11.4453   7.173788     0.0743 9.6715e+02     1.9868    228.875     69.452     -0.202     5.4638     3.8117    1459.58 -9.990e-29
        918 152.550767     -0.205    11.4462   6.375656     0.0652 9.3968e+02     1.9832    230.022     69.516     -0.203     4.8151     3.3086    1458.80 -9.990e-29
        919 152.550770     -0.206    11.4475   5.815335     0.0520 9.1299e+02     1.9799    230.897     69.585     -0.204     4.3636     2.9583    1458.26 -9.990e-29
        920 152.550773     -0.207    11.4487   5.434547     0.0442 9.5919e+02     1.9771    231.446     69.618     -0.205     4.0589     2.7217    1457.89 -9.990e-29
        921 152.550775     -0.207    11.4498   5.150291     0.0458 9.2105e+02     1.9749    231.980     69.681     -0.205     3.8325     2.5459    1457.62 -9.990e-29
        922 152.550778     -0.207    11.4505   4.911796     0.0442 7.9063e+02     1.9730    232.512     69.759     -0.205     3.6434     2.3990    1457.40 -9.990e-29
        923 152.550781     -0.207    11.4511   4.721870     0.0454 8.2715e+02     1.9722    233.090     69.867     -0.205     3.4933     2.2824    1457.22 -9.990e-29
        924 152.550784     -0.208    11.4515   4.589332     0.0508 8.3006e+02     1.9708    233.449     69.929     -0.206     3.3888     2.2012    1457.09 -9.990e-29
        925 152.550787     -0.208    11.4519   4.506913     0.0565 8.1991e+02     1.9695    233.360     69.875     -0.206     3.3240     2.1508    1457.01 -9.990e-29
        926 152.550790     -0.209    11.4523   4.467334     0.0685 8.5388e+02     1.9692    233.653     69.949     -0.207     3.2929     2.1266    1456.98 -9.990e-29
        927 152.550793     -0.209    11.4526   4.452415     0.0611 8.1089e+02     1.9685    233.481     69.893     -0.207     3.2811     2.1175    1456.97 -9.990e-29
        928 152.550796     -0.209    11.4528   4.407671     0.0578 8.2831e+02 -9.990e-29 -9.990e-29 -9.990e-29     -0.207     3.2460     2.0902    1456.92 -9.990e-29
        929 152.550799     -0.210    11.4531   4.289145     0.0598 8.6429e+02 -9.990e-29 -9.990e-29 -9.990e-29     -0.208     3.1531     2.0180    1456.81 -9.990e-29
        930 152.550802     -0.210    11.4533   4.111475     0.0565 8.5643e+02 -9.990e-29 -9.990e-29 -9.990e-29     -0.208     3.0143     1.9101    1456.64 -9.990e-29
        931 152.550804     -0.210    11.4535   3.908908     0.0553 8.8379e+02 -9.990e-29 -9.990e-29 -9.990e-29     -0.208     2.8566     1.7875    1456.45 -9.990e-29
        932 152.550807     -0.210    11.4537   3.701490 -9.990e-29 8.6065e+02 -9.990e-29 -9.990e-29 -9.990e-29     -0.208     2.6957     1.6625    1456.26 -9.990e-29
        933 152.550810     -0.210    11.4539   3.504050 -9.990e-29 8.6794e+02 -9.990e-29 -9.990e-29 -9.990e-29     -0.208     2.5433     1.5439    1456.07 -9.990e-29
        934 152.550813     -0.211    11.4541   3.325558 -9.990e-29 8.4448e+02 -9.990e-29 -9.990e-29 -9.990e-29     -0.209     2.4060     1.4371    1455.91 -9.990e-29
        935 152.550816     -0.211    11.4543   3.165903 -9.990e-29 8.5598e+02 -9.990e-29 -9.990e-29 -9.990e-29     -0.209     2.2837     1.3419    1455.76 -9.990e-29
        936 152.550819     -0.211    11.4545   3.029203 -9.990e-29 8.6825e+02 -9.990e-29 -9.990e-29 -9.990e-29     -0.209     2.1793     1.2607    1455.63 -9.990e-29
        937 152.550822     -0.211    11.4546   2.925769 -9.990e-29 8.4166e+02 -9.990e-29 -9.990e-29 -9.990e-29     -0.209     2.1005     1.1994    1455.54 -9.990e-29
        938 152.550825     -0.211    11.4548   2.865678 -9.990e-29 8.3738e+02 -9.990e-29 -9.990e-29 -9.990e-29     -0.209     2.0549     1.1639    1455.48 -9.990e-29
        939 152.550828     -0.211    11.4550   2.853165 -9.990e-29 8.4107e+02 -9.990e-29 -9.990e-29 -9.990e-29     -0.209     2.0454     1.1564    1455.47 -9.990e-29
        940 152.550830     -0.211    11.4551   2.869718 -9.990e-29 8.6186e+02 -9.990e-29 -9.990e-29 -9.990e-29     -0.209     2.0579     1.1662    1455.49 -9.990e-29
        941 152.550833     -0.211    11.4551   2.880835 -9.990e-29 8.4078e+02 -9.990e-29 -9.990e-29 -9.990e-29     -0.209     2.0664     1.1728    1455.50 -9.990e-29
        942 152.550836     -0.211 -9.990e-29 -9.990e-29 -9.990e-29 8.2136e+02 -9.990e-29 -9.990e-29 -9.990e-29     -0.209 -9.990e-29 -9.990e-29 -9.990e-29 -9.990e-29
        943 152.550839     -0.211 -9.990e-29 -9.990e-29 -9.990e-29 8.2381e+02 -9.990e-29 -9.990e-29 -9.990e-29     -0.209 -9.990e-29 -9.990e-29 -9.990e-29 -9.990e-29
