CTD_data_day2/sbe55_sbe19p_5262_20260601_re4_1m.cnv
* Sea-Bird SBE 19plus Data File:
* FileName = C:\Data\sbe55_sbe19p_5262\2026-06-01\sbe55_sbe19p_5262_20260601_re4070.hex
* Software Version SeatermAF 2.1.4
* Temperature SN = 5262
* Conductivity SN = 5262
* System UpLoad Time = Jun 01 2026 10:54:12 (localtime) = Jun 01 2026 10:54:12 (UTC)
* ds
* SeacatPlus V 1.6b  SERIAL NO. 5262    01 Jun 2026  10:53:41
# nquan = 15
# nvalues = 243                         
# units = specified
# name 0 = scan: Scan Count
# name 1 = timeJ: Julian Days
# name 2 = prdM: Pressure, Strain Gauge [db]
# name 3 = tv290C: Temperature [ITS-90, deg C]
# name 4 = c0mS/cm: Conductivity [mS/cm]
# name 5 = wetStar: Fluorescence, WET Labs WETstar [mg/m^3]
# name 6 = par: PAR/Irradiance, Biospherical/Licor [umol photons/m^2/sec]
# name 7 = sbeox0V: Oxygen raw, SBE 43 [V]
# name 8 = sbeox0Mm/L: Oxygen, SBE 43 [umol/l], WS = 2
# name 9 = sbeox0PS: Oxygen, SBE 43 [% saturation], WS = 2
# name 10 = depSM: Depth [salt water, m], lat = 56
# name 11 = sal00: Salinity, Practical [PSU]
# name 12 = sigma-é00: Density [sigma-theta, kg/m^3]
# name 13 = svCM: Sound Velocity [Chen-Millero, m/s]
# name 14 = flag: flag
# span 0 =        708,       2509       
# span 1 = 152.429396, 152.434608       
# span 2 =      1.000,    122.000       
# span 3 =    10.0811,    12.9560       
# span 4 =  25.328823,  31.241468       
# span 5 =     0.1982,     5.7586       
# span 6 = -2.572e-02, 1.9738e+02       
# span 7 =     1.0869,     2.2520       
# span 8 =     80.158,    238.914       
# span 9 =     27.870,     82.400       
# span 10 =      0.991,    120.854      
# span 11 =    20.5832,    26.9443      
# span 12 =    15.2625,    20.4364      
# span 13 =    1478.41,    1487.34      
# span 14 = 0.0000e+00, 0.0000e+00      
# interval = decibars: 1                
# start_time = Jun 01 2026 10:15:23 [Instrument's time stamp, header]
# bad_flag = -9.990e-29
*END*
[from data line 193]
       2166 152.433614     50.000    10.5942  29.722120     0.3043 1.0000e-12     1.9671    208.312     70.707     49.539    26.1363    19.9500    1482.06 0.0000e+00
       2173 152.433634     49.000    10.5701  29.686317     0.2938 1.0000e-12     1.9656    207.574     70.411     48.548    26.1192    19.9405    1481.93 0.0000e+00
       2180 152.433655     48.000    10.5336  29.630871     0.2806 1.0000e-12     1.9602    206.601     70.013     47.558    26.0918    19.9249    1481.75 0.0000e+00
       2187 152.433675     47.000    10.4775  29.566314     0.2613 1.0000e-12     1.9567    207.421     70.194     46.567    26.0694    19.9164    1481.51 0.0000e+00
       2194 152.433695     46.000    10.4454  29.531103     0.2487 1.0000e-12     1.9589    208.325     70.446     45.576    26.0585    19.9128    1481.36 0.0000e+00
       2201 152.433715     45.000    10.4294  29.503139     0.2477 1.0000e-12     1.9587    207.700     70.202     44.586    26.0431    19.9034    1481.27 0.0000e+00
       2208 152.433735     44.000    10.4026  29.465654     0.2397 1.0000e-12     1.9606    209.631     70.806     43.595    26.0260    19.8943    1481.13 0.0000e+00
       2215 152.433755     43.000    10.3913  29.452712     0.2389 1.0000e-12     1.9700    211.787     71.514     42.604    26.0218    19.8927    1481.07 0.0000e+00
       2222 152.433775     42.000    10.3982  29.446898     0.2441 1.0000e-12     1.9791    212.434     71.739     41.614    26.0116    19.8837    1481.07 0.0000e+00
       2229 152.433795     41.000    10.3902  29.427716     0.2432 1.0000e-12     1.9838    212.068     71.597     40.623    25.9990    19.8751    1481.01 0.0000e+00
       2236 152.433816     40.000    10.3732  29.403856     0.2363 1.0000e-12     1.9828    210.910     71.174     39.632    25.9882    19.8694    1480.91 0.0000e+00
       2243 152.433836     39.000    10.3516  29.375533     0.2306 1.0000e-12     1.9771    209.733     70.738     38.641    25.9763    19.8635    1480.80 0.0000e+00
       2250 152.433856     38.000    10.3302  29.348820     0.2287 1.0000e-12     1.9719    209.380     70.581     37.651    25.9659    19.8587    1480.70 0.0000e+00
       2256 152.433876     37.000    10.3096  29.322627     0.2205 1.0000e-12     1.9683    209.284     70.512     36.660    25.9553    19.8536    1480.59 0.0000e+00
       2263 152.433896     36.000    10.2932  29.299838     0.2168 1.0000e-12     1.9667    209.658     70.608     35.669    25.9452    19.8483    1480.50 0.0000e+00
       2270 152.433915     35.000    10.2829  29.283838     0.2118 1.0000e-12     1.9691    210.889     71.003     34.678    25.9372    19.8437    1480.44 0.0000e+00
       2277 152.433934     34.000    10.2798  29.267161     0.2071 1.0000e-12     1.9726    210.749     70.945     33.688    25.9235    19.8335    1480.40 0.0000e+00
       2283 152.433953     33.000    10.2658  29.231988     0.2076 1.0000e-12     1.9715    210.038     70.672     32.697    25.8995    19.8169    1480.30 0.0000e+00
       2290 152.433973     32.000    10.2450  29.194546     0.2044 1.0000e-12     1.9704    210.592     70.816     31.706    25.8781    19.8034    1480.18 0.0000e+00
       2297 152.433992     31.000    10.2345  29.167838     0.2032 1.0000e-12     1.9732    211.984     71.260     30.716    25.8598    19.7908    1480.11 0.0000e+00
       2303 152.434012     30.000    10.2359  29.152610     0.1982 1.0000e-12     1.9809    213.752     71.849     29.725    25.8443    19.7785    1480.07 0.0000e+00
       2310 152.434032     29.000    10.2430  29.137682     0.2024 1.0000e-12     1.9897    215.006     72.273     28.734    25.8250    19.7623    1480.06 0.0000e+00
       2317 152.434052     28.000    10.2460  29.121435     0.2037 1.0000e-12     1.9980    215.738     72.516     27.743    25.8073    19.7482    1480.03 0.0000e+00
       2324 152.434071     27.000    10.2460  29.106740     0.2041 1.0000e-12     2.0031    216.092     72.629     26.753    25.7933    19.7372    1480.00 0.0000e+00
       2331 152.434091     26.000    10.2408  29.077940     0.2047 1.0000e-12     2.0073    216.487     72.742     25.762    25.7692    19.7193    1479.93 0.0000e+00
       2338 152.434111     25.000    10.2317  29.042616     0.2015 1.0000e-12     2.0100    216.643     72.767     24.771    25.7415    19.6991    1479.85 0.0000e+00
       2344 152.434130     24.000    10.2217  29.011001     0.2007 1.0000e-12     2.0117    216.891     72.823     23.780    25.7181    19.6824    1479.77 0.0000e+00
       2351 152.434149     23.000    10.2161  28.991171     0.2023 1.0000e-12     2.0137    217.234     72.922     22.789    25.7030    19.6715    1479.72 0.0000e+00
       2358 152.434169     22.000    10.2200  28.970427     0.2114 1.0000e-12     2.0145    216.936     72.818     21.799    25.6803    19.6533    1479.68 0.0000e+00
       2364 152.434188     21.000    10.2192  28.942098     0.2105 1.0000e-12     2.0147    216.948     72.808     20.808    25.6535    19.6325    1479.64 0.0000e+00
       2371 152.434208     20.000    10.2112  28.907307     0.2075 1.0000e-12     2.0129    216.120     72.505     19.817    25.6255    19.6120    1479.55 0.0000e+00
       2378 152.434227     19.000    10.1984  28.867137     0.2060 1.4822e-05     2.0096    215.908     72.399     18.826    25.5957    19.5907    1479.45 0.0000e+00
       2385 152.434247     18.000    10.1908  28.838820     0.2117 5.7888e-04     2.0076    215.524     72.248     17.836    25.5737    19.5747    1479.38 0.0000e+00
       2391 152.434266     17.000    10.1835  28.802566     0.2102 1.6481e-03     2.0038    214.627     71.922     16.845    25.5438    19.5526    1479.30 0.0000e+00
       2398 152.434285     16.000    10.1689  28.746067     0.2164 3.3041e-03     1.9978    213.357     71.453     15.854    25.4992    19.5201    1479.18 0.0000e+00
       2405 152.434304     15.000    10.1518  28.681707     0.2250 4.2662e-02     1.9897    211.927     70.924     14.863    25.4486    19.4833    1479.04 0.0000e+00
       2411 152.434323     14.000    10.1334  28.621025     0.2359 3.7222e-01     1.9805    210.702     70.465     13.872    25.4025    19.4503    1478.90 0.0000e+00
       2418 152.434342     13.000    10.1153  28.561205     0.2595 8.0990e-01     1.9733    210.783     70.443     12.881    25.3570    19.4176    1478.76 0.0000e+00
       2424 152.434362     12.000    10.1239  28.544037     0.3042 1.3675e+00     1.9731    212.646     71.069     11.891    25.3346    19.3988    1478.75 0.0000e+00
       2431 152.434381     11.000    10.2097  28.606275     0.3793 1.7424e+00     1.9832    215.282     72.087     10.900    25.3359    19.3868    1479.05 0.0000e+00
       2438 152.434400     10.000    10.3568  28.671677     0.5273 1.5400e+00     1.9952    215.316     72.315      9.909    25.2976    19.3345    1479.53 0.0000e+00
       2444 152.434419      9.000    10.5228  28.652384     0.7391 3.2961e+00     1.9981    213.314     71.845      8.918    25.1644    19.2053    1479.96 0.0000e+00
       2451 152.434438      8.000    10.5411  28.507352     0.8776 5.7475e+00     1.9955    212.062     71.382      7.927    25.0119    19.0840    1479.82 0.0000e+00
       2457 152.434457      7.000    10.5396  28.357209     1.1222 8.5221e+00     1.9880    210.134     70.666      6.936    24.8682    18.9725    1479.63 0.0000e+00
       2464 152.434476      6.000    10.5430  28.176640     1.5365 1.3142e+01     1.9768    208.747     70.126      5.945    24.6919    18.8351    1479.41 0.0000e+00
       2471 152.434497      5.000    10.4833  28.038477     1.8752 2.0296e+01     1.9694    209.670     70.302      4.955    24.5992    18.7722    1479.07 0.0000e+00
       2479 152.434520      4.000    10.4781  27.928170     2.4098 3.2611e+01     1.9757    213.530     71.541      3.963    24.4965    18.6932    1478.91 0.0000e+00
       2489 152.434548      3.000    10.6431  27.889040     3.1102 5.3909e+01     2.0040    220.671     74.134      2.973    24.3489    18.5532    1479.32 0.0000e+00
       2499 152.434578      2.000    10.9039  27.664353     4.9856 9.4141e+01     2.0703    233.373     78.658      1.982    23.9630    18.2129    1479.78 0.0000e+00
       2509 152.434608      1.000    11.4111  27.063919     4.5433 1.9738e+02     2.1287    233.095     78.991      0.991    23.0737    17.4431    1480.53 0.0000e+00
