CTD_data_day2/sbe55_sbe19p_5262_20260601_re7pt5_1m.cnv
* Sea-Bird SBE 19plus Data File:
* FileName = C:\Data\sbe55_sbe19p_5262\2026-06-01\sbe55_sbe19p_5262_20260601_re7073.hex
* Software Version SeatermAF 2.1.4
* Temperature SN = 5262
* Conductivity SN = 5262
* System UpLoad Time = Jun 01 2026 13:38:18 (localtime) = Jun 01 2026 13:38:18 (UTC)
* ds
* SeacatPlus V 1.6b  SERIAL NO. 5262    01 Jun 2026  13:36:26
# nquan = 15
# nvalues = 71                          
# units = specified
# name 0 = scan: Scan Count
# name 1 = timeJ: Julian Days
# name 2 = prdM: Pressure, Strain Gauge [db]
# name 3 = tv290C: Temperature [ITS-90, deg C]
# name 4 = c0mS/cm: Conductivity [mS/cm]
# name 5 = wetStar: Fluorescence, WET Labs WETstar [mg/m^3]
# name 6 = par: PAR/Irradiance, Biospherical/Licor [umol photons/m^2/sec]
# name 7 = sbeox0V: Oxygen raw, SBE 43 [V]
# name 8 = sbeox0Mm/L: Oxygen, SBE 43 [umol/l], WS = 2
# name 9 = sbeox0PS: Oxygen, SBE 43 [% saturation], WS = 2
# name 10 = depSM: Depth [salt water, m], lat = 56
# name 11 = sal00: Salinity, Practical [PSU]
# name 12 = sigma-é00: Density [sigma-theta, kg/m^3]
# name 13 = svCM: Sound Velocity [Chen-Millero, m/s]
# name 14 = flag: flag
# span 0 =        323,        893       
# span 1 = 152.549045, 152.550693       
# span 2 =      1.000,     36.000       
# span 3 =    11.3441,    11.5344       
# span 4 =  28.399407,  32.377558       
# span 5 =     1.1979,     3.5132       
# span 6 = 1.0000e-12, 3.0016e+02       
# span 7 =     2.1379,     2.2050       
# span 8 =    227.094,    234.856       
# span 9 =     77.745,     82.081       
# span 10 =      0.991,     35.669      
# span 11 =    24.2469,    28.1103      
# span 12 =    18.3319,    21.3499      
# span 13 =    1482.37,    1487.09      
# span 14 = 0.0000e+00, 0.0000e+00      
# interval = decibars: 1                
# start_time = Jun 01 2026 13:09:17 [Instrument's time stamp, header]
# bad_flag = -9.990e-29
*END*
        323 152.549045      1.000    11.5344  28.399407     3.5132 3.0016e+02     2.1558    230.617     78.946      0.991    24.2469    18.3319    1482.37 0.0000e+00
        334 152.549077      2.000    11.4209  29.037102     3.1613 1.6852e+02     2.1443    228.862     78.488      1.982    24.9236    18.8748    1482.79 0.0000e+00
        342 152.549099      3.000    11.3552  29.301471     2.8520 9.8140e+01     2.1395    228.671     78.456      2.973    25.2180    19.1138    1482.93 0.0000e+00
        349 152.549121      4.000    11.3468  29.358157     2.7970 6.2878e+01     2.1379    228.981     78.578      3.963    25.2772    19.1610    1482.99 0.0000e+00
        357 152.549143      5.000    11.3461  29.524874     2.6365 4.2017e+01     2.1397    229.500     78.834      4.955    25.4356    19.2840    1483.19 0.0000e+00
        364 152.549165      6.000    11.3455  29.879678     2.2050 2.8487e+01     2.1423    229.416     78.972      5.945    25.7730    19.5457    1483.61 0.0000e+00
        372 152.549187      7.000    11.3441  30.094898     2.0168 2.0008e+01     2.1474    230.902     79.585      6.936    25.9785    19.7053    1483.87 0.0000e+00
        380 152.549209      8.000    11.3626  30.526431     1.7876 1.4069e+01     2.1616    233.661     80.772      7.927    26.3764    20.0108    1484.42 0.0000e+00
        388 152.549232      9.000    11.4241  31.318765     1.5847 1.0194e+01     2.1779    233.708     81.260      8.918    27.0882    20.5524    1485.51 0.0000e+00
        395 152.549254     10.000    11.4166  31.712922     1.4023 7.5450e+00     2.1871    233.723     81.449      9.909    27.4703    20.8501    1485.95 0.0000e+00
        403 152.549276     11.000    11.4171  31.817742     1.3990 5.5759e+00     2.1932    233.924     81.571     10.900    27.5700    20.9274    1486.09 0.0000e+00
        411 152.549299     12.000    11.4229  31.868167     1.4412 4.1984e+00     2.1961    233.902     81.596     11.890    27.6136    20.9602    1486.18 0.0000e+00
        418 152.549321     13.000    11.4253  31.913463     1.3923 3.2144e+00     2.1975    233.860     81.607     12.881    27.6549    20.9918    1486.26 0.0000e+00
        426 152.549344     14.000    11.4206  31.923852     1.3727 2.4407e+00     2.1978    233.851     81.603     13.872    27.6679    21.0028    1486.27 0.0000e+00
        434 152.549367     15.000    11.4203  31.946132     1.4018 1.8395e+00     2.1993    234.379     81.797     14.863    27.6892    21.0194    1486.31 0.0000e+00
        442 152.549391     16.000    11.4276  31.965911     1.4633 1.4078e+00     2.2020    234.632     81.905     15.854    27.7023    21.0283    1486.37 0.0000e+00
        450 152.549414     17.000    11.4325  31.981174     1.4209 1.0766e+00     2.2026    234.378     81.831     16.845    27.7129    21.0357    1486.42 0.0000e+00
        458 152.549437     18.000    11.4325  32.007234     1.3891 7.9683e-01     2.2023    234.441     81.866     17.835    27.7375    21.0548    1486.46 0.0000e+00
        466 152.549459     19.000    11.4321  32.037004     1.4456 5.8416e-01     2.2036    234.715     81.975     18.826    27.7659    21.0770    1486.51 0.0000e+00
        474 152.549482     20.000    11.4300  32.055683     1.4176 4.3094e-01     2.2035    234.402     81.873     19.817    27.7850    21.0921    1486.54 0.0000e+00
        482 152.549505     21.000    11.4244  32.064980     1.5149 3.1672e-01     2.2035    234.583     81.932     20.808    27.7979    21.1031    1486.56 0.0000e+00
        490 152.549528     22.000    11.4229  32.065981     1.4215 2.3143e-01     2.2024    234.225     81.805     21.799    27.7995    21.1046    1486.57 0.0000e+00
        498 152.549551     23.000    11.4232  32.066756     1.4038 1.7095e-01     2.2018    234.516     81.908     22.789    27.7997    21.1047    1486.59 0.0000e+00
        505 152.549573     24.000    11.4238  32.067572     1.3968 1.1874e-01     2.2027    234.600     81.938     23.780    27.7997    21.1046    1486.60 0.0000e+00
        513 152.549596     25.000    11.4237  32.070577     1.3998 7.7804e-02     2.2024    234.386     81.864     24.771    27.8022    21.1067    1486.62 0.0000e+00
        521 152.549619     26.000    11.4232  32.081672     1.4861 4.4569e-02     2.2010    234.196     81.803     25.762    27.8129    21.1150    1486.65 0.0000e+00
        529 152.549642     27.000    11.4215  32.100489     1.3828 1.9237e-02     2.2008    234.348     81.863     26.752    27.8319    21.1301    1486.68 0.0000e+00
        537 152.549666     28.000    11.4194  32.123502     1.3657 3.3844e-03     2.2000    233.936     81.727     27.743    27.8551    21.1485    1486.72 0.0000e+00
        545 152.549689     29.000    11.4145  32.197601     1.2796 4.7797e-05     2.1981    233.825     81.718     28.734    27.9295    21.2071    1486.81 0.0000e+00
        553 152.549712     30.000    11.4061  32.277829     1.2385 8.0210e-08     2.1991    234.302     81.913     29.725    28.0125    21.2729    1486.89 0.0000e+00
        562 152.549735     31.000    11.4038  32.297432     1.2551 1.0000e-12     2.2006    234.344     81.934     30.716    28.0327    21.2890    1486.93 0.0000e+00
        570 152.549759     32.000    11.4027  32.318137     1.2858 1.0000e-12     2.2011    234.488     81.993     31.706    28.0531    21.3050    1486.97 0.0000e+00
        578 152.549782     33.000    11.4012  32.337785     1.2846 1.0000e-12     2.2021    234.398     81.969     32.697    28.0727    21.3205    1487.00 0.0000e+00
        586 152.549806     34.000    11.4001  32.350584     1.2655 1.0000e-12     2.2013    234.280     81.933     33.688    28.0854    21.3306    1487.03 0.0000e+00
        595 152.549831     35.000    11.3995  32.361701     1.3348 1.0000e-12     2.2013    234.481     82.007     34.678    28.0962    21.3391    1487.06 0.0000e+00
        613 152.549885     36.000    11.4005  32.377558     1.3174 1.0000e-12     2.2030    234.664     82.081     35.669    28.1103    21.3499    1487.09 0.0000e+00
        625 152.549919     35.000    11.4013  32.371307     1.2953 1.0000e-12     2.2017    234.303     81.952     34.679    28.1041    21.3449    1487.07 0.0000e+00
        634 152.549944     34.000    11.4017  32.365976     1.3282 1.0000e-12     2.2015    234.379     81.977     33.688    28.0990    21.3408    1487.05 0.0000e+00
        642 152.549967     33.000    11.4014  32.356352     1.3028 1.0000e-12     2.2019    234.508     82.017     32.697    28.0904    21.3341    1487.02 0.0000e+00
        649 152.549989     32.000    11.4025  32.334755     1.2681 1.0000e-12     2.2024    234.411     81.974     31.706    28.0692    21.3175    1486.98 0.0000e+00
        656 152.550010     31.000    11.4043  32.309463     1.2839 1.0000e-12     2.2016    234.109     81.859     30.716    28.0439    21.2976    1486.95 0.0000e+00
        664 152.550032     30.000    11.4053  32.288323     1.2563 1.0000e-12     2.1997    233.873     81.767     29.725    28.0232    21.2814    1486.91 0.0000e+00
        671 152.550053     29.000    11.4086  32.240024     1.1979 1.0000e-12     2.1993    234.112     81.831     28.734    27.9747    21.2431    1486.85 0.0000e+00
        679 152.550074     28.000    11.4146  32.166184     1.3647 1.0000e-12     2.2002    234.288     81.864     27.743    27.8997    21.1839    1486.76 0.0000e+00
        686 152.550095     27.000    11.4192  32.117524     1.3571 1.0000e-12     2.2000    234.180     81.809     26.753    27.8499    21.1444    1486.70 0.0000e+00
        693 152.550117     26.000    11.4225  32.088644     1.4142 1.0000e-12     2.1997    234.274     81.832     25.762    27.8201    21.1207    1486.66 0.0000e+00
        701 152.550139     25.000    11.4249  32.070430     1.4541 4.2042e-03     2.2014    234.623     81.949     24.771    27.8012    21.1056    1486.63 0.0000e+00
        708 152.550160     24.000    11.4256  32.063884     1.4666 3.8679e-02     2.2019    234.558     81.924     23.780    27.7948    21.1005    1486.61 0.0000e+00
        716 152.550182     23.000    11.4258  32.060789     1.4156 7.8552e-02     2.2021    234.121     81.770     22.789    27.7920    21.0984    1486.59 0.0000e+00
        724 152.550204     22.000    11.4253  32.060331     1.4152 1.2630e-01     2.1997    233.947     81.709     21.799    27.7923    21.0986    1486.57 0.0000e+00
        731 152.550227     21.000    11.4252  32.058619     1.4327 1.8263e-01     2.2004    234.516     81.907     20.808    27.7912    21.0977    1486.55 0.0000e+00
        739 152.550250     20.000    11.4258  32.053999     1.4760 2.5308e-01     2.2033    234.824     82.013     19.817    27.7866    21.0941    1486.53 0.0000e+00
        747 152.550273     19.000    11.4297  32.034042     1.4627 3.4914e-01     2.2045    234.856     82.020     18.826    27.7649    21.0766    1486.50 0.0000e+00
        756 152.550297     18.000    11.4338  32.007663     1.4513 4.6363e-01     2.2050    234.651     81.941     17.835    27.7369    21.0542    1486.47 0.0000e+00
        764 152.550321     17.000    11.4349  31.982365     1.4605 6.1341e-01     2.2035    234.305     81.809     16.845    27.7123    21.0348    1486.42 0.0000e+00
        772 152.550346     16.000    11.4351  31.965822     1.4139 8.2532e-01     2.2025    234.303     81.801     15.854    27.6966    21.0226    1486.39 0.0000e+00
        781 152.550370     15.000    11.4342  31.952274     1.4055 1.2458e+00     2.2020    234.126     81.731     14.863    27.6847    21.0135    1486.36 0.0000e+00
        789 152.550395     14.000    11.4298  31.940220     1.4470 1.8349e+00     2.2003    233.920     81.647     13.872    27.6767    21.0081    1486.32 0.0000e+00
        798 152.550419     13.000    11.4237  31.928031     1.3565 2.8218e+00     2.1999    234.089     81.692     12.881    27.6700    21.0039    1486.27 0.0000e+00
        806 152.550442     12.000    11.4245  31.924921     1.4534 3.8893e+00     2.2010    234.278     81.758     11.890    27.6668    21.0012    1486.25 0.0000e+00
        814 152.550466     11.000    11.4308  31.909636     1.4149 5.3153e+00     2.2009    233.913     81.632     10.900    27.6478    20.9854    1486.24 0.0000e+00
        822 152.550490     10.000    11.4275  31.858093     1.4629 7.2525e+00     2.1985    233.491     81.455      9.909    27.6012    20.9498    1486.15 0.0000e+00
        831 152.550514      9.000    11.4195  31.778315     1.3291 9.8535e+00     2.1967    233.230     81.314      8.918    27.5311    20.8968    1486.02 0.0000e+00
        839 152.550537      8.000    11.4222  31.552452     1.4607 1.3355e+01     2.1895    230.911     80.399      7.927    27.3134    20.7274    1485.76 0.0000e+00
        847 152.550561      7.000    11.4131  30.855544     1.6200 1.8038e+01     2.1718    228.579     79.240      6.936    26.6545    20.2179    1484.92 0.0000e+00
        855 152.550584      6.000    11.3636  30.221093     1.8683 2.5513e+01     2.1562    228.367     78.798      5.945    26.0853    19.7848    1484.05 0.0000e+00
        863 152.550607      5.000    11.3470  29.816106     2.1399 3.6624e+01     2.1466    228.389     78.591      4.954    25.7118    19.4980    1483.52 0.0000e+00
        870 152.550628      4.000    11.3452  29.525192     2.3622 5.2945e+01     2.1417    228.765     78.581      3.964    25.4368    19.2851    1483.17 0.0000e+00
        878 152.550650      3.000    11.3507  29.375572     2.6081 8.1432e+01     2.1403    229.312     78.705      2.973    25.2914    19.1714    1483.00 0.0000e+00
        885 152.550671      2.000    11.3620  29.288301     2.8769 1.5441e+02     2.1434    230.346     79.034      1.982    25.2012    19.0996    1482.91 0.0000e+00
        893 152.550693      1.000    11.4096  28.775774     1.6407 2.8491e+02     2.1391    227.094     77.745      0.991    24.6848    18.6916    1482.45 0.0000e+00
