CTD_data_day2/sbe55_sbe19p_5262_20260601_re4_1m.cnv
* Sea-Bird SBE 19plus Data File:
* FileName = C:\Data\sbe55_sbe19p_5262\2026-06-01\sbe55_sbe19p_5262_20260601_re4070.hex
* Software Version SeatermAF 2.1.4
* Temperature SN = 5262
* Conductivity SN = 5262
* System UpLoad Time = Jun 01 2026 10:54:12 (localtime) = Jun 01 2026 10:54:12 (UTC)
* ds
* SeacatPlus V 1.6b  SERIAL NO. 5262    01 Jun 2026  10:53:41
# nquan = 15
# nvalues = 243                         
# units = specified
# name 0 = scan: Scan Count
# name 1 = timeJ: Julian Days
# name 2 = prdM: Pressure, Strain Gauge [db]
# name 3 = tv290C: Temperature [ITS-90, deg C]
# name 4 = c0mS/cm: Conductivity [mS/cm]
# name 5 = wetStar: Fluorescence, WET Labs WETstar [mg/m^3]
# name 6 = par: PAR/Irradiance, Biospherical/Licor [umol photons/m^2/sec]
# name 7 = sbeox0V: Oxygen raw, SBE 43 [V]
# name 8 = sbeox0Mm/L: Oxygen, SBE 43 [umol/l], WS = 2
# name 9 = sbeox0PS: Oxygen, SBE 43 [% saturation], WS = 2
# name 10 = depSM: Depth [salt water, m], lat = 56
# name 11 = sal00: Salinity, Practical [PSU]
# name 12 = sigma-é00: Density [sigma-theta, kg/m^3]
# name 13 = svCM: Sound Velocity [Chen-Millero, m/s]
# name 14 = flag: flag
# span 0 =        708,       2509       
# span 1 = 152.429396, 152.434608       
# span 2 =      1.000,    122.000       
# span 3 =    10.0811,    12.9560       
# span 4 =  25.328823,  31.241468       
# span 5 =     0.1982,     5.7586       
# span 6 = -2.572e-02, 1.9738e+02       
# span 7 =     1.0869,     2.2520       
# span 8 =     80.158,    238.914       
# span 9 =     27.870,     82.400       
# span 10 =      0.991,    120.854      
# span 11 =    20.5832,    26.9443      
# span 12 =    15.2625,    20.4364      
# span 13 =    1478.41,    1487.34      
# span 14 = 0.0000e+00, 0.0000e+00      
# interval = decibars: 1                
# start_time = Jun 01 2026 10:15:23 [Instrument's time stamp, header]
# bad_flag = -9.990e-29
*END*
[from data line 97]
       1412 152.431433     98.000    11.3867  31.125624     0.3144 1.0000e-12     1.1206     84.782     29.420     97.085    26.8992    20.4139    1486.61 0.0000e+00
       1420 152.431456     99.000    11.3868  31.126072     0.3120 1.0000e-12     1.1201     84.687     29.387     98.076    26.8992    20.4139    1486.63 0.0000e+00
       1428 152.431479    100.000    11.3881  31.128711     0.3145 1.0000e-12     1.1196     84.578     29.350     99.066    26.9005    20.4147    1486.65 0.0000e+00
       1436 152.431502    101.000    11.3912  31.133639     0.3143 1.0000e-12     1.1186     84.393     29.288    100.056    26.9026    20.4158    1486.68 0.0000e+00
       1444 152.431525    102.000    11.3944  31.137815     0.3149 1.0000e-12     1.1177     84.338     29.271    101.047    26.9039    20.4163    1486.71 0.0000e+00
       1452 152.431547    103.000    11.3972  31.143119     0.3136 1.0000e-12     1.1167     84.101     29.191    102.037    26.9065    20.4179    1486.74 0.0000e+00
       1459 152.431569    104.000    11.4015  31.148819     0.3127 1.0000e-12     1.1155     83.874     29.116    103.028    26.9085    20.4188    1486.77 0.0000e+00
       1467 152.431592    105.000    11.4049  31.153996     0.3194 1.0000e-12     1.1138     83.694     29.056    104.018    26.9107    20.4198    1486.81 0.0000e+00
       1475 152.431614    106.000    11.4084  31.159107     0.3148 1.0000e-12     1.1128     83.551     29.009    105.009    26.9126    20.4208    1486.84 0.0000e+00
       1483 152.431637    107.000    11.4122  31.165342     0.3152 1.0000e-12     1.1113     83.374     28.950    105.999    26.9155    20.4224    1486.87 0.0000e+00
       1491 152.431661    108.000    11.4174  31.172834     0.3152 1.0000e-12     1.1103     83.162     28.880    106.989    26.9185    20.4239    1486.91 0.0000e+00
       1499 152.431684    109.000    11.4203  31.176102     0.3164 1.0000e-12     1.1092     83.149     28.878    107.980    26.9192    20.4239    1486.94 0.0000e+00
       1507 152.431707    110.000    11.4214  31.177958     0.3144 1.0000e-12     1.1092     83.318     28.937    108.970    26.9197    20.4242    1486.96 0.0000e+00
       1515 152.431731    111.000    11.4230  31.180702     0.3129 1.0000e-12     1.1085     82.902     28.794    109.960    26.9209    20.4249    1486.98 0.0000e+00
       1523 152.431755    112.000    11.4270  31.188574     0.3140 1.0000e-12     1.1061     82.465     28.645    110.951    26.9252    20.4275    1487.01 0.0000e+00
       1532 152.431779    113.000    11.4354  31.199784     0.3150 1.0000e-12     1.1040     82.217     28.565    111.941    26.9293    20.4294    1487.07 0.0000e+00
       1540 152.431803    114.000    11.4392  31.204804     0.3143 1.0000e-12     1.1024     82.071     28.517    112.931    26.9310    20.4300    1487.10 0.0000e+00
       1548 152.431827    115.000    11.4427  31.209480     0.3156 1.0000e-12     1.1009     81.875     28.451    113.922    26.9326    20.4307    1487.13 0.0000e+00
       1557 152.431851    116.000    11.4451  31.213014     0.3193 1.0000e-12     1.0997     81.765     28.415    114.912    26.9339    20.4313    1487.16 0.0000e+00
       1565 152.431876    117.000    11.4470  31.215489     0.3169 1.0000e-12     1.0978     81.296     28.253    115.902    26.9345    20.4315    1487.18 0.0000e+00
       1574 152.431900    118.000    11.4496  31.220372     0.3183 1.0000e-12     1.0956     80.999     28.152    116.893    26.9369    20.4329    1487.21 0.0000e+00
       1582 152.431925    119.000    11.4565  31.231204     0.3181 1.0000e-12     1.0928     80.552     28.001    117.883    26.9419    20.4356    1487.25 0.0000e+00
       1591 152.431950    120.000    11.4615  31.236878     0.3198 1.0000e-12     1.0909     80.468     27.976    118.873    26.9433    20.4359    1487.29 0.0000e+00
       1600 152.431976    121.000    11.4635  31.239860     0.3185 1.0000e-12     1.0894     80.235     27.896    119.864    26.9443    20.4364    1487.32 0.0000e+00
       1619 152.432032    122.000    11.4655  31.241468     0.3213 1.0000e-12     1.0869     80.158     27.870    120.854    26.9440    20.4358    1487.34 0.0000e+00
       1625 152.432050    121.000    11.4640  31.239523     0.3222 1.0000e-12     1.0883     80.436     27.966    119.864    26.9436    20.4358    1487.32 0.0000e+00
       1634 152.432076    120.000    11.4637  31.238238     0.3208 1.0000e-12     1.0891     80.583     28.017    118.873    26.9430    20.4353    1487.30 0.0000e+00
       1643 152.432101    119.000    11.4615  31.233929     0.3205 1.0000e-12     1.0904     80.887     28.121    117.883    26.9408    20.4340    1487.27 0.0000e+00
       1651 152.432125    118.000    11.4557  31.224425     0.3199 1.0000e-12     1.0924     81.154     28.209    116.893    26.9364    20.4315    1487.23 0.0000e+00
       1660 152.432149    117.000    11.4512  31.218794     0.3199 1.0000e-12     1.0942     81.442     28.306    115.902    26.9346    20.4309    1487.19 0.0000e+00
       1668 152.432172    116.000    11.4486  31.215497     0.3176 1.0000e-12     1.0957     81.553     28.343    114.912    26.9337    20.4305    1487.17 0.0000e+00
       1676 152.432196    115.000    11.4476  31.213948     0.3168 1.0000e-12     1.0971     81.760     28.415    113.922    26.9333    20.4304    1487.15 0.0000e+00
       1684 152.432221    114.000    11.4462  31.211460     0.3158 1.0000e-12     1.0981     81.816     28.433    112.931    26.9323    20.4299    1487.12 0.0000e+00
       1693 152.432244    113.000    11.4437  31.207483     0.3167 1.0000e-12     1.0993     82.151     28.547    111.941    26.9307    20.4290    1487.10 0.0000e+00
       1701 152.432268    112.000    11.4392  31.199908     0.3147 1.0000e-12     1.1018     82.582     28.694    110.951    26.9271    20.4269    1487.06 0.0000e+00
       1709 152.432291    111.000    11.4335  31.191400     0.3149 1.0000e-12     1.1040     82.860     28.786    109.960    26.9234    20.4250    1487.02 0.0000e+00
       1717 152.432314    110.000    11.4284  31.184821     0.3157 1.0000e-12     1.1056     82.927     28.806    108.970    26.9212    20.4242    1486.98 0.0000e+00
       1725 152.432337    109.000    11.4253  31.180272     0.3145 1.0000e-12     1.1065     83.024     28.837    107.980    26.9195    20.4233    1486.95 0.0000e+00
       1733 152.432360    108.000    11.4224  31.175787     0.3138 1.0000e-12     1.1077     83.234     28.908    106.989    26.9177    20.4224    1486.92 0.0000e+00
       1740 152.432383    107.000    11.4192  31.171317     0.3140 1.0000e-12     1.1084     83.248     28.911    105.999    26.9161    20.4217    1486.90 0.0000e+00
       1748 152.432405    106.000    11.4170  31.168251     0.3141 1.0000e-12     1.1095     83.524     29.005    105.008    26.9151    20.4213    1486.87 0.0000e+00
       1756 152.432427    105.000    11.4148  31.164618     0.3140 1.0000e-12     1.1108     83.476     28.987    104.018    26.9136    20.4204    1486.84 0.0000e+00
       1764 152.432450    104.000    11.4117  31.159414     0.3169 1.0000e-12     1.1111     83.729     29.072    103.028    26.9112    20.4191    1486.81 0.0000e+00
       1771 152.432472    103.000    11.4074  31.152627     0.3174 1.0000e-12     1.1129     84.071     29.188    102.037    26.9082    20.4175    1486.78 0.0000e+00
       1780 152.432496    102.000    11.4016  31.144034     0.3119 1.0000e-12     1.1148     84.309     29.266    101.047    26.9046    20.4156    1486.74 0.0000e+00
       1788 152.432519    101.000    11.3970  31.137858     0.3122 1.0000e-12     1.1163     84.397     29.293    100.056    26.9023    20.4147    1486.70 0.0000e+00
       1795 152.432542    100.000    11.3938  31.133490     0.3109 1.0000e-12     1.1171     84.492     29.324     99.066    26.9009    20.4140    1486.67 0.0000e+00
       1803 152.432564     99.000    11.3921  31.130991     0.3140 1.0000e-12     1.1175     84.420     29.298     98.076    26.9001    20.4137    1486.65 0.0000e+00
       1811 152.432587     98.000    11.3902  31.128035     0.3144 1.0000e-12     1.1181     84.608     29.362     97.085    26.8990    20.4132    1486.62 0.0000e+00
       1819 152.432610     97.000    11.3878  31.124254     0.3121 1.0000e-12     1.1186     84.638     29.370     96.095    26.8975    20.4124    1486.60 0.0000e+00
       1827 152.432633     96.000    11.3861  31.121836     0.3123 1.0000e-12     1.1194     84.824     29.433     95.104    26.8968    20.4121    1486.57 0.0000e+00
       1835 152.432655     95.000    11.3834  31.117278     0.3118 1.0000e-12     1.1205     84.912     29.462     94.114    26.8947    20.4109    1486.55 0.0000e+00
       1842 152.432678     94.000    11.3791  31.109213     0.3159 1.0000e-12     1.1212     85.097     29.522     93.123    26.8905    20.4083    1486.51 0.0000e+00
       1850 152.432700     93.000    11.3702  31.094701     0.3102 1.0000e-12     1.1228     85.439     29.634     92.133    26.8835    20.4044    1486.45 0.0000e+00
       1858 152.432722     92.000    11.3589  31.077895     0.3151 1.0000e-12     1.1244     85.622     29.689     91.142    26.8759    20.4004    1486.38 0.0000e+00
       1865 152.432744     91.000    11.3491  31.064918     0.3114 1.0000e-12     1.1265     86.097     29.847     90.152    26.8710    20.3982    1486.33 0.0000e+00
       1873 152.432766     90.000    11.3392  31.048109     0.3129 1.0000e-12     1.1290     86.591     30.010     89.162    26.8625    20.3933    1486.27 0.0000e+00
       1881 152.432788     89.000    11.3219  31.020070     0.3106 1.0000e-12     1.1329     87.379     30.269     88.171    26.8486    20.3853    1486.17 0.0000e+00
       1888 152.432810     88.000    11.3022  30.993336     0.3114 1.0000e-12     1.1368     87.775     30.391     87.181    26.8376    20.3801    1486.07 0.0000e+00
       1896 152.432833     87.000    11.2876  30.973029     0.3113 1.0000e-12     1.1399     88.232     30.538     86.190    26.8292    20.3760    1485.99 0.0000e+00
       1904 152.432856     86.000    11.2743  30.954847     0.3111 1.0000e-12     1.1431     88.712     30.694     85.200    26.8218    20.3724    1485.92 0.0000e+00
       1912 152.432878     85.000    11.2636  30.937696     0.3102 1.0000e-12     1.1469     89.492     30.955     84.209    26.8135    20.3678    1485.86 0.0000e+00
       1919 152.432900     84.000    11.2425  30.900756     0.3110 1.0000e-12     1.1524     90.647     31.336     83.219    26.7938    20.3559    1485.74 0.0000e+00
       1927 152.432922     83.000    11.2087  30.849844     0.3097 1.0000e-12     1.1601     92.225     31.854     82.228    26.7698    20.3430    1485.58 0.0000e+00
       1934 152.432943     82.000    11.1695  30.790673     0.3056 1.0000e-12     1.1692     93.883     32.393     81.238    26.7419    20.3278    1485.38 0.0000e+00
       1942 152.432965     81.000    11.1265  30.725296     0.3058 1.0000e-12     1.1810     96.139     33.134     80.247    26.7106    20.3106    1485.18 0.0000e+00
       1949 152.432986     80.000    11.0779  30.654879     0.2999 1.0000e-12     1.1953     98.890     34.039     79.257    26.6785    20.2937    1484.95 0.0000e+00
       1956 152.433007     79.000    11.0240  30.573718     0.2986 1.0000e-12     1.2115    101.350     34.837     78.266    26.6398    20.2724    1484.69 0.0000e+00
       1963 152.433028     78.000    10.9714  30.499075     0.2964 1.0000e-12     1.2262    103.327     35.468     77.276    26.6064    20.2550    1484.45 0.0000e+00
       1971 152.433049     77.000    10.9214  30.427155     0.2941 1.0000e-12     1.2408    105.908     36.307     76.285    26.5735    20.2377    1484.21 0.0000e+00
       1978 152.433070     76.000    10.8845  30.380979     0.2947 1.0000e-12     1.2593    109.538     37.517     75.295    26.5560    20.2300    1484.04 0.0000e+00
       1985 152.433091     75.000    10.8658  30.350461     0.2935 1.0000e-12     1.2868    116.652     39.933     74.304    26.5404    20.2209    1483.94 0.0000e+00
       1993 152.433113     74.000    10.8423  30.300693     0.2962 1.0000e-12     1.3413    130.003     44.472     73.314    26.5097    20.2008    1483.80 0.0000e+00
       2000 152.433134     73.000    10.8099  30.232284     0.3054 1.0000e-12     1.4153    141.519     48.364     72.323    26.4673    20.1731    1483.62 0.0000e+00
       2008 152.433156     72.000    10.7945  30.196502     0.3191 1.0000e-12     1.4816    148.257     50.643     71.332    26.4442    20.1576    1483.52 0.0000e+00
       2015 152.433178     71.000    10.7904  30.180741     0.3274 1.0000e-12     1.5331    153.781     52.521     70.342    26.4323    20.1491    1483.47 0.0000e+00
       2023 152.433199     70.000    10.7948  30.177582     0.3356 1.0000e-12     1.5800    160.668     54.876     69.351    26.4263    20.1437    1483.46 0.0000e+00
       2030 152.433221     69.000    10.8057  30.177531     0.3622 1.0000e-12     1.6298    167.945     57.372     68.361    26.4189    20.1361    1483.48 0.0000e+00
       2037 152.433242     68.000    10.8192  30.178763     0.3791 1.0000e-12     1.6751    172.897     59.078     67.370    26.4107    20.1276    1483.50 0.0000e+00
       2045 152.433263     67.000    10.8221  30.165988     0.3912 1.0000e-12     1.7081    175.069     59.819     66.380    26.3966    20.1162    1483.48 0.0000e+00
       2052 152.433284     66.000    10.8140  30.147550     0.3993 1.0000e-12     1.7298    177.061     60.485     65.389    26.3849    20.1084    1483.42 0.0000e+00
       2059 152.433305     65.000    10.7991  30.115040     0.3879 1.0000e-12     1.7519    181.076     61.828     64.398    26.3646    20.0950    1483.32 0.0000e+00
       2067 152.433326     64.000    10.7710  30.062418     0.3864 1.0000e-12     1.7751    184.010     62.779     63.408    26.3343    20.0759    1483.17 0.0000e+00
       2074 152.433347     63.000    10.7515  30.029620     0.3916 1.0000e-12     1.7941    185.660     63.308     62.417    26.3169    20.0656    1483.06 0.0000e+00
       2081 152.433368     62.000    10.7342  30.003743     0.3803 1.0000e-12     1.8064    187.079     63.763     61.427    26.3047    20.0588    1482.97 0.0000e+00
       2088 152.433389     61.000    10.7296  29.998213     0.3860 1.0000e-12     1.8220    190.684     64.984     60.436    26.3030    20.0582    1482.93 0.0000e+00
       2096 152.433410     60.000    10.7419  30.003645     0.3968 1.0000e-12     1.8482    196.029     66.823     59.445    26.2997    20.0537    1482.96 0.0000e+00
       2103 152.433431     59.000    10.7557  29.998979     0.4113 1.0000e-12     1.8757    198.972     67.840     58.455    26.2857    20.0406    1482.97 0.0000e+00
       2110 152.433452     58.000    10.7460  29.969867     0.4029 1.0000e-12     1.8953    200.732     68.416     57.464    26.2648    20.0259    1482.90 0.0000e+00
       2117 152.433472     57.000    10.7265  29.938735     0.3896 1.0000e-12     1.9132    203.467     69.312     56.473    26.2490    20.0167    1482.79 0.0000e+00
       2124 152.433492     56.000    10.7113  29.905459     0.3715 1.0000e-12     1.9292    205.129     69.846     55.483    26.2281    20.0028    1482.69 0.0000e+00
       2131 152.433512     55.000    10.6969  29.874398     0.3628 1.0000e-12     1.9406    205.821     70.051     54.492    26.2087    19.9901    1482.60 0.0000e+00
       2137 152.433531     54.000    10.6761  29.845163     0.3533 1.0000e-12     1.9482    206.946     70.396     53.502    26.1956    19.9832    1482.49 0.0000e+00
       2145 152.433552     53.000    10.6619  29.823513     0.3402 1.0000e-12     1.9576    208.233     70.807     52.511    26.1852    19.9773    1482.41 0.0000e+00
       2152 152.433572     52.000    10.6431  29.789687     0.3247 1.0000e-12     1.9627    208.248     70.774     51.520    26.1662    19.9655    1482.31 0.0000e+00
