CTD_data_day2/sbe55_sbe19p_5262_20260601_re4.cnv
* Sea-Bird SBE 19plus Data File:
* FileName = C:\Data\sbe55_sbe19p_5262\2026-06-01\sbe55_sbe19p_5262_20260601_re4070.hex
* Software Version SeatermAF 2.1.4
* Temperature SN = 5262
* Conductivity SN = 5262
* System UpLoad Time = Jun 01 2026 10:54:12 (localtime) = Jun 01 2026 10:54:12 (UTC)
* ds
* SeacatPlus V 1.6b  SERIAL NO. 5262    01 Jun 2026  10:53:41
# nquan = 15                                
# nvalues = 2249                        
# units = specified
# name 0 = scan: Scan Count
# name 1 = timeJ: Julian Days
# name 2 = prdM: Pressure, Strain Gauge [db]
# name 3 = tv290C: Temperature [ITS-90, deg C]
# name 4 = c0mS/cm: Conductivity [mS/cm]
# name 5 = wetStar: Fluorescence, WET Labs WETstar [mg/m^3]
# name 6 = par: PAR/Irradiance, Biospherical/Licor [umol photons/m^2/sec]
# name 7 = sbeox0V: Oxygen raw, SBE 43 [V]
# name 8 = sbeox0Mm/L: Oxygen, SBE 43 [umol/l], WS = 2
# name 9 = sbeox0PS: Oxygen, SBE 43 [% saturation], WS = 2
# name 10 = depSM: Depth [salt water, m], lat = 56
# name 11 = sal00: Salinity, Practical [PSU]
# name 12 = sigma-é00: Density [sigma-theta, kg/m^3]
# name 13 = svCM: Sound Velocity [Chen-Millero, m/s]
# name 14 = flag: flag
# span 0 =        301,       2549       
# span 1 = 152.428218, 152.434722       
# span 2 =     -0.232,    121.849       
# span 3 =    10.0680,    13.0203       
# span 4 =   4.142507,  31.241540       
# span 5 =     0.1505,     6.9789       
# span 6 = 1.0000e-12, 1.0841e+03       
# span 7 =     1.0872,     2.2750       
# span 8 =     80.068,    247.794       
# span 9 =     27.839,     85.126       
# span 10 =     -0.230,    120.705      
# span 11 =     3.0341,    26.9450      
# span 12 =     1.9192,    20.4368      
# span 13 =    1456.87,    1487.34      
# span 14 = 0.0000e+00, 0.0000e+00      
# interval = seconds: 0.25
# start_time = Jun 01 2026 10:15:23 [Instrument's time stamp, header]
# bad_flag = -9.990e-29
*END*
[from data line 579]
        880 152.429893     25.325    10.2160  29.035762     0.2020 1.0000e-12     2.0074    215.717     72.433     25.093    25.7458    19.7049    1479.80 0.0000e+00
        881 152.429896     25.473    10.2165  29.039490     0.2106 1.0000e-12     2.0082    215.824     72.471     25.240    25.7491    19.7074    1479.81 0.0000e+00
        882 152.429899     25.621    10.2176  29.044046     0.2094 1.0000e-12     2.0071    215.709     72.435     25.386    25.7527    19.7100    1479.82 0.0000e+00
        883 152.429902     25.769    10.2194  29.048940     0.2016 1.0000e-12     2.0069    215.626     72.412     25.533    25.7562    19.7124    1479.84 0.0000e+00
        884 152.429905     25.916    10.2217  29.053646     0.1954 1.0000e-12     2.0071    215.504     72.376     25.679    25.7591    19.7143    1479.85 0.0000e+00
        885 152.429907     26.062    10.2240  29.057919     0.1958 1.0000e-12     2.0068    215.385     72.341     25.823    25.7616    19.7159    1479.86 0.0000e+00
        886 152.429910     26.209    10.2262  29.061782     0.1999 1.0000e-12     2.0067    215.349     72.333     25.969    25.7637    19.7173    1479.88 0.0000e+00
        887 152.429913     26.356    10.2281  29.065164     0.2065 1.0000e-12     2.0066    215.308     72.324     26.115    25.7656    19.7185    1479.89 0.0000e+00
        888 152.429916     26.503    10.2297  29.067929     0.2028 1.0000e-12     2.0050    214.983     72.218     26.260    25.7672    19.7194    1479.90 0.0000e+00
        889 152.429919     26.650    10.2308  29.070264     0.1991 1.0000e-12     2.0055    215.113     72.264     26.406    25.7686    19.7204    1479.91 0.0000e+00
        890 152.429922     26.796    10.2316  29.072519     0.2061 1.0000e-12     2.0046    215.008     72.230     26.550    25.7702    19.7215    1479.91 0.0000e+00
        891 152.429925     26.942    10.2321  29.075074     0.2073 1.0000e-12     2.0050    215.081     72.257     26.695    25.7723    19.7230    1479.92 0.0000e+00
        892 152.429928     27.088    10.2324  29.078561     0.2053 1.0000e-12     2.0040    215.045     72.247     26.840    25.7754    19.7254    1479.93 0.0000e+00
        893 152.429931     27.233    10.2328  29.083223     0.2036 1.0000e-12     2.0046    215.096     72.266     26.983    25.7796    19.7287    1479.94 0.0000e+00
        894 152.429933     27.379    10.2335  29.088423     0.2020 1.0000e-12     2.0040    215.077     72.263     27.128    25.7842    19.7321    1479.95 0.0000e+00
        895 152.429936     27.524    10.2346  29.093148     0.2073 1.0000e-12     2.0033    215.015     72.246     27.272    25.7880    19.7349    1479.96 0.0000e+00
        896 152.429939     27.669    10.2357  29.096700     0.2057 1.0000e-12     2.0036    215.213     72.315     27.415    25.7906    19.7367    1479.97 0.0000e+00
        897 152.429942     27.814    10.2366  29.099206     0.2057 1.0000e-12     2.0033    215.136     72.292     27.559    25.7924    19.7380    1479.98 0.0000e+00
        898 152.429945     27.958    10.2371  29.101122     0.2011 1.0000e-12     2.0034    215.282     72.342     27.702    25.7938    19.7390    1479.98 0.0000e+00
        899 152.429948     28.101    10.2375  29.102727     0.2106 1.0000e-12     2.0037    215.347     72.365     27.843    25.7951    19.7399    1479.99 0.0000e+00
        900 152.429951     28.244    10.2377  29.104200     0.2073 1.0000e-12     2.0042    215.374     72.375     27.985    25.7963    19.7409    1479.99 0.0000e+00
        901 152.429954     28.386    10.2381  29.105750     0.2049 1.0000e-12     2.0032    215.215     72.323     28.126    25.7975    19.7417    1480.00 0.0000e+00
        902 152.429957     28.529    10.2385  29.107487     0.2049 1.0000e-12     2.0040    215.334     72.364     28.267    25.7988    19.7427    1480.00 0.0000e+00
        903 152.429959     28.671    10.2391  29.109365     0.2094 1.0000e-12     2.0034    215.227     72.330     28.408    25.8002    19.7437    1480.01 0.0000e+00
        904 152.429962     28.814    10.2399  29.111409     0.2069 1.0000e-12     2.0034    215.318     72.362     28.550    25.8016    19.7447    1480.02 0.0000e+00
        905 152.429965     28.958    10.2408  29.113557     0.2073 1.0000e-12     2.0034    215.371     72.382     28.692    25.8030    19.7456    1480.02 0.0000e+00
        906 152.429968     29.101    10.2420  29.115486     0.2020 1.0000e-12     2.0039    215.380     72.388     28.834    25.8040    19.7462    1480.03 0.0000e+00
        907 152.429971     29.244    10.2432  29.116989     0.2007 1.0000e-12     2.0037    215.258     72.349     28.976    25.8045    19.7465    1480.04 0.0000e+00
        908 152.429974     29.388    10.2444  29.118087     0.2053 1.0000e-12     2.0046    215.280     72.358     29.119    25.8047    19.7464    1480.05 0.0000e+00
        909 152.429977     29.532    10.2452  29.118859     0.1995 1.0000e-12     2.0038    214.897     72.231     29.261    25.8048    19.7464    1480.05 0.0000e+00
        910 152.429980     29.676    10.2458  29.119492     0.2061 1.0000e-12     2.0037    214.594     72.130     29.404    25.8050    19.7464    1480.06 0.0000e+00
        911 152.429983     29.821    10.2462  29.120170     0.2086 1.0000e-12     2.0025    214.280     72.025     29.548    25.8053    19.7466    1480.06 0.0000e+00
        912 152.429986     29.966    10.2465  29.121084     0.2073 1.0000e-12     2.0027    214.014     71.937     29.691    25.8059    19.7471    1480.06 0.0000e+00
        913 152.429988     30.111    10.2467  29.122445     0.2032 1.0000e-12     2.0008    213.549     71.781     29.835    25.8071    19.7479    1480.07 0.0000e+00
        914 152.429991     30.256    10.2469  29.124440     0.2090 1.0000e-12     1.9999    213.231     71.676     29.978    25.8088    19.7492    1480.07 0.0000e+00
        915 152.429994     30.402    10.2472  29.127271     0.2016 1.0000e-12     2.0000    213.037     71.612     30.123    25.8113    19.7511    1480.08 0.0000e+00
        916 152.429997     30.548    10.2475  29.131313     0.2065 1.0000e-12     1.9976    212.435     71.412     30.268    25.8150    19.7540    1480.09 0.0000e+00
        917 152.430000     30.695    10.2478  29.136333     0.2123 1.0000e-12     1.9961    212.002     71.269     30.413    25.8197    19.7575    1480.10 0.0000e+00
        918 152.430003     30.843    10.2480  29.141064     0.2040 1.0000e-12     1.9950    211.520     71.109     30.560    25.8241    19.7610    1480.11 0.0000e+00
        919 152.430006     30.992    10.2478  29.144491     0.2049 1.0000e-12     1.9927    210.931     70.912     30.708    25.8275    19.7637    1480.11 0.0000e+00
        920 152.430009     31.141    10.2467  29.146435     0.2028 1.0000e-12     1.9910    210.537     70.779     30.855    25.8302    19.7659    1480.11 0.0000e+00
        921 152.430012     31.291    10.2449  29.147268     0.2020 1.0000e-12     1.9883    209.932     70.574     31.004    25.8322    19.7677    1480.11 0.0000e+00
        922 152.430014     31.441    10.2426  29.147511     0.2032 1.0000e-12     1.9859    209.438     70.405     31.153    25.8340    19.7695    1480.11 0.0000e+00
        923 152.430017     31.590    10.2402  29.147439     0.2040 1.0000e-12     1.9840    209.154     70.307     31.300    25.8356    19.7711    1480.10 0.0000e+00
        924 152.430020     31.740    10.2378  29.147120     0.2032 1.0000e-12     1.9810    208.694     70.149     31.449    25.8369    19.7725    1480.10 0.0000e+00
        925 152.430023     31.889    10.2355  29.146609     0.2028 1.0000e-12     1.9785    208.411     70.051     31.596    25.8380    19.7737    1480.09 0.0000e+00
        926 152.430026     32.038    10.2330  29.145970     0.1987 1.0000e-12     1.9763    208.167     69.966     31.744    25.8391    19.7750    1480.09 0.0000e+00
        927 152.430029     32.187    10.2304  29.145267     0.2024 1.0000e-12     1.9742    208.046     69.921     31.892    25.8402    19.7762    1480.08 0.0000e+00
        928 152.430032     32.336    10.2275  29.144593     0.2090 1.0000e-12     1.9717    208.046     69.917     32.039    25.8416    19.7777    1480.08 0.0000e+00
        929 152.430035     32.484    10.2245  29.144158     0.2090 1.0000e-12     1.9697    208.128     69.941     32.186    25.8432    19.7795    1480.07 0.0000e+00
        930 152.430038     32.632    10.2217  29.144372     0.2057 1.0000e-12     1.9677    208.267     69.984     32.333    25.8454    19.7816    1480.07 0.0000e+00
        931 152.430041     32.780    10.2191  29.145670     0.2049 1.0000e-12     1.9667    208.642     70.108     32.479    25.8484    19.7844    1480.06 0.0000e+00
        932 152.430043     32.928    10.2170  29.148241     0.2040 1.0000e-12     1.9662    209.184     70.288     32.626    25.8524    19.7878    1480.06 0.0000e+00
        933 152.430046     33.075    10.2155  29.151944     0.1966 1.0000e-12     1.9656    209.629     70.438     32.771    25.8570    19.7916    1480.06 0.0000e+00
        934 152.430049     33.223    10.2148  29.156357     0.1925 1.0000e-12     1.9655    210.163     70.618     32.918    25.8618    19.7954    1480.07 0.0000e+00
        935 152.430052     33.370    10.2150  29.161086     0.2016 1.0000e-12     1.9660    210.614     70.772     33.064    25.8662    19.7988    1480.08 0.0000e+00
        936 152.430055     33.516    10.2158  29.166085     0.1983 1.0000e-12     1.9671    211.084     70.933     33.208    25.8705    19.8020    1480.09 0.0000e+00
        937 152.430058     33.663    10.2171  29.171345     0.2081 1.0000e-12     1.9676    211.418     71.049     33.354    25.8747    19.8051    1480.10 0.0000e+00
        938 152.430061     33.808    10.2190  29.176571     0.2164 1.0000e-12     1.9693    211.808     71.185     33.498    25.8784    19.8077    1480.11 0.0000e+00
        939 152.430064     33.954    10.2214  29.181654     0.2127 1.0000e-12     1.9699    211.922     71.229     33.642    25.8816    19.8098    1480.13 0.0000e+00
        940 152.430067     34.099    10.2242  29.187040     0.2003 1.0000e-12     1.9710    212.043     71.275     33.786    25.8848    19.8119    1480.15 0.0000e+00
        941 152.430069     34.244    10.2274  29.193187     0.1958 1.0000e-12     1.9722    212.154     71.319     33.930    25.8885    19.8142    1480.16 0.0000e+00
        942 152.430072     34.389    10.2309  29.199639     0.2032 1.0000e-12     1.9732    212.211     71.345     34.073    25.8922    19.8166    1480.18 0.0000e+00
        943 152.430075     34.535    10.2347  29.205666     0.2044 1.0000e-12     1.9740    212.264     71.371     34.218    25.8954    19.8185    1480.20 0.0000e+00
        944 152.430078     34.680    10.2382  29.211232     0.2049 1.0000e-12     1.9748    212.321     71.397     34.362    25.8983    19.8202    1480.22 0.0000e+00
        945 152.430081     34.825    10.2411  29.216331     0.2028 1.0000e-12     1.9754    212.389     71.426     34.505    25.9011    19.8220    1480.24 0.0000e+00
        946 152.430084     34.969    10.2435  29.220702     0.2020 1.0000e-12     1.9766    212.643     71.516     34.648    25.9036    19.8236    1480.25 0.0000e+00
        947 152.430087     35.113    10.2458  29.224462     0.2032 1.0000e-12     1.9770    212.704     71.541     34.791    25.9056    19.8248    1480.27 0.0000e+00
        948 152.430090     35.256    10.2480  29.228194     0.2102 1.0000e-12     1.9782    212.841     71.591     34.932    25.9077    19.8260    1480.28 0.0000e+00
        949 152.430093     35.399    10.2502  29.232671     0.2094 1.0000e-12     1.9793    213.002     71.650     35.074    25.9104    19.8278    1480.29 0.0000e+00
        950 152.430095     35.543    10.2529  29.238417     0.2040 1.0000e-12     1.9809    213.097     71.688     35.217    25.9141    19.8302    1480.31 0.0000e+00
        951 152.430098     35.686    10.2564  29.245027     0.2119 1.0000e-12     1.9810    212.988     71.659     35.358    25.9180    19.8328    1480.33 0.0000e+00
        952 152.430101     35.829    10.2606  29.251665     0.2086 1.0000e-12     1.9815    212.868     71.627     35.500    25.9214    19.8348    1480.35 0.0000e+00
        953 152.430104     35.972    10.2654  29.258218     0.2081 1.0000e-12     1.9828    212.841     71.626     35.642    25.9243    19.8363    1480.38 0.0000e+00
        954 152.430107     36.114    10.2704  29.265031     0.2053 1.0000e-12     1.9826    212.601     71.555     35.782    25.9274    19.8379    1480.40 0.0000e+00
        955 152.430110     36.256    10.2755  29.272250     0.2090 1.0000e-12     1.9831    212.442     71.511     35.923    25.9308    19.8398    1480.42 0.0000e+00
        956 152.430113     36.398    10.2810  29.279552     0.2090 1.0000e-12     1.9835    212.128     71.415     36.064    25.9339    19.8414    1480.45 0.0000e+00
        957 152.430116     36.540    10.2868  29.286243     0.2081 1.0000e-12     1.9834    211.737     71.294     36.204    25.9363    19.8423    1480.48 0.0000e+00
        958 152.430119     36.682    10.2924  29.291565     0.2143 1.0000e-12     1.9834    211.376     71.182     36.345    25.9374    19.8423    1480.50 0.0000e+00
        959 152.430122     36.824    10.2972  29.294911     0.2160 1.0000e-12     1.9822    210.732     70.972     36.486    25.9372    19.8415    1480.52 0.0000e+00
        960 152.430124     36.967    10.3007  29.296132     0.2176 1.0000e-12     1.9809    210.193     70.796     36.627    25.9359    19.8399    1480.53 0.0000e+00
        961 152.430127     37.109    10.3024  29.295666     0.2217 1.0000e-12     1.9802    209.846     70.681     36.768    25.9342    19.8383    1480.54 0.0000e+00
        962 152.430130     37.251    10.3024  29.294098     0.2176 1.0000e-12     1.9784    209.466     70.552     36.909    25.9326    19.8370    1480.54 0.0000e+00
        963 152.430133     37.393    10.3010  29.291674     0.2184 1.0000e-12     1.9763    209.218     70.465     37.049    25.9312    19.8362    1480.54 0.0000e+00
        964 152.430136     37.536    10.2983  29.288480     0.2143 1.0000e-12     1.9753    209.202     70.455     37.191    25.9299    19.8356    1480.53 0.0000e+00
        965 152.430139     37.679    10.2944  29.285233     0.2123 1.0000e-12     1.9739    209.026     70.390     37.333    25.9295    19.8359    1480.52 0.0000e+00
        966 152.430142     37.822    10.2898  29.283169     0.2102 1.0000e-12     1.9729    209.087     70.404     37.474    25.9307    19.8375    1480.50 0.0000e+00
        967 152.430145     37.966    10.2851  29.282832     0.2176 1.0000e-12     1.9721    209.158     70.422     37.617    25.9336    19.8406    1480.49 0.0000e+00
        968 152.430148     38.109    10.2812  29.283956     0.2086 1.0000e-12     1.9715    209.155     70.416     37.759    25.9375    19.8441    1480.48 0.0000e+00
        969 152.430150     38.253    10.2785  29.286055     0.2131 1.0000e-12     1.9693    208.935     70.340     37.901    25.9414    19.8476    1480.48 0.0000e+00
        970 152.430153     38.396    10.2772  29.288700     0.2127 1.0000e-12     1.9692    209.046     70.377     38.043    25.9449    19.8505    1480.48 0.0000e+00
        971 152.430156     38.539    10.2769  29.291549     0.2040 1.0000e-12     1.9685    208.982     70.356     38.185    25.9478    19.8528    1480.49 0.0000e+00
        972 152.430159     38.681    10.2773  29.294516     0.2098 1.0000e-12     1.9676    208.892     70.328     38.325    25.9504    19.8548    1480.49 0.0000e+00
        973 152.430162     38.824    10.2781  29.297828     0.2164 1.0000e-12     1.9669    208.921     70.340     38.467    25.9530    19.8567    1480.50 0.0000e+00
        974 152.430165     38.968    10.2793  29.301766     0.2176 1.0000e-12     1.9669    208.880     70.329     38.610    25.9559    19.8588    1480.51 0.0000e+00
