CTD_data_day2/sbe55_sbe19p_5262_20260601_re6_1m.cnv
* Sea-Bird SBE 19plus Data File:
* FileName = C:\Data\sbe55_sbe19p_5262\2026-06-01\sbe55_sbe19p_5262_20260601_re6071.hex
* Software Version SeatermAF 2.1.4
* Temperature SN = 5262
* Conductivity SN = 5262
* System UpLoad Time = Jun 01 2026 11:59:24 (localtime) = Jun 01 2026 11:59:24 (UTC)
* ds
* SeacatPlus V 1.6b  SERIAL NO. 5262    01 Jun 2026  11:58:58
# nquan = 15
# nvalues = 143                         
# units = specified
# name 0 = scan: Scan Count
# name 1 = timeJ: Julian Days
# name 2 = prdM: Pressure, Strain Gauge [db]
# name 3 = tv290C: Temperature [ITS-90, deg C]
# name 4 = c0mS/cm: Conductivity [mS/cm]
# name 5 = wetStar: Fluorescence, WET Labs WETstar [mg/m^3]
# name 6 = par: PAR/Irradiance, Biospherical/Licor [umol photons/m^2/sec]
# name 7 = sbeox0V: Oxygen raw, SBE 43 [V]
# name 8 = sbeox0Mm/L: Oxygen, SBE 43 [umol/l], WS = 2
# name 9 = sbeox0PS: Oxygen, SBE 43 [% saturation], WS = 2
# name 10 = depSM: Depth [salt water, m], lat = 56
# name 11 = sal00: Salinity, Practical [PSU]
# name 12 = sigma-é00: Density [sigma-theta, kg/m^3]
# name 13 = svCM: Sound Velocity [Chen-Millero, m/s]
# name 14 = flag: flag
# span 0 =        334,       1452       
# span 1 = 152.466207, 152.469442       
# span 2 =      1.000,     72.000       
# span 3 =    10.3478,    11.8818       
# span 4 =  23.437937,  31.682119       
# span 5 =     0.1857,     3.6114       
# span 6 = -3.360e-05, 2.1841e+02       
# span 7 =     2.0024,     2.1689       
# span 8 =    213.187,    235.912       
# span 9 =     72.599,     80.476       
# span 10 =      0.991,     71.332      
# span 11 =    19.4448,    27.5766      
# span 12 =    14.5602,    21.0484      
# span 13 =    1477.90,    1485.99      
# span 14 = 0.0000e+00, 0.0000e+00      
# interval = decibars: 1                
# start_time = Jun 01 2026 11:09:57 [Instrument's time stamp, header]
# bad_flag = -9.990e-29
*END*
[from data line 97]
       1105 152.468438     46.000    10.4286  31.004299     0.2042 3.6801e-06     2.0235    216.081     73.721     45.576    27.5098    21.0441    1483.05 0.0000e+00
       1113 152.468461     45.000    10.4500  31.020524     0.2087 3.6313e-06     2.0278    216.602     73.933     44.586    27.5099    21.0407    1483.11 0.0000e+00
       1121 152.468484     44.000    10.4680  31.035008     0.2078 -1.635e-08     2.0328    217.498     74.269     43.595    27.5108    21.0385    1483.16 0.0000e+00
       1129 152.468507     43.000    10.4911  31.053953     0.2186 9.5871e-06     2.0394    218.150     74.530     42.604    27.5124    21.0360    1483.23 0.0000e+00
       1137 152.468529     42.000    10.5242  31.081838     0.2138 1.8675e-05     2.0447    218.933     74.853     41.614    27.5151    21.0329    1483.34 0.0000e+00
       1144 152.468551     41.000    10.5548  31.105288     0.2212 9.3053e-06     2.0520    219.907     75.236     40.623    27.5153    21.0281    1483.43 0.0000e+00
       1152 152.468574     40.000    10.5851  31.130038     0.2274 1.0581e-05     2.0585    220.422     75.463     39.632    27.5171    21.0246    1483.53 0.0000e+00
       1160 152.468596     39.000    10.6137  31.151555     0.2493 9.1475e-06     2.0637    220.672     75.596     38.641    27.5170    21.0198    1483.62 0.0000e+00
       1167 152.468618     38.000    10.6312  31.161794     0.2443 1.4724e-05     2.0672    221.089     75.767     37.651    27.5141    21.0148    1483.66 0.0000e+00
       1175 152.468640     37.000    10.6575  31.187434     0.2579 1.4791e-05     2.0729    222.207     76.196     36.660    27.5197    21.0149    1483.74 0.0000e+00
       1183 152.468662     36.000    10.7068  31.242067     0.2873 1.2904e-05     2.0800    223.130     76.603     35.669    27.5363    21.0197    1483.93 0.0000e+00
       1190 152.468684     35.000    10.8050  31.343209     0.3479 1.9332e-06     2.0893    224.155     77.132     34.679    27.5612    21.0231    1484.29 0.0000e+00
       1197 152.468705     34.000    10.9094  31.438384     0.4043 1.2869e-05     2.0988    224.937     77.584     33.688    27.5756    21.0171    1484.67 0.0000e+00
       1205 152.468726     33.000    10.9973  31.499592     0.4546 1.0569e-05     2.1076    225.305     77.856     32.697    27.5693    20.9976    1484.96 0.0000e+00
       1212 152.468748     32.000    11.0370  31.529164     0.4642 7.3389e-06     2.1142    225.873     78.119     31.706    27.5685    20.9905    1485.08 0.0000e+00
       1220 152.468770     31.000    11.0734  31.563087     0.4907 8.4154e-06     2.1202    226.200     78.297     30.716    27.5744    20.9889    1485.20 0.0000e+00
       1227 152.468792     30.000    11.1176  31.599267     0.5598 7.3841e-06     2.1246    226.321     78.415     29.725    27.5766    20.9833    1485.35 0.0000e+00
       1235 152.468814     29.000    11.1495  31.620990     0.5809 2.0196e-06     2.1290    227.063     78.725     28.734    27.5741    20.9760    1485.44 0.0000e+00
       1243 152.468836     28.000    11.1823  31.639431     0.6441 3.6647e-06     2.1347    227.903     79.069     27.743    27.5676    20.9655    1485.54 0.0000e+00
       1250 152.468857     27.000    11.2300  31.659769     0.7339 1.4977e-05     2.1426    228.935     79.501     26.753    27.5520    20.9453    1485.67 0.0000e+00
       1258 152.468879     26.000    11.2712  31.672433     0.7361 6.4789e-05     2.1498    229.556     79.779     25.762    27.5338    20.9243    1485.78 0.0000e+00
       1265 152.468901     25.000    11.3028  31.676543     0.7647 9.9311e-03     2.1565    230.121     80.020     24.771    27.5146    20.9040    1485.85 0.0000e+00
       1273 152.468923     24.000    11.3252  31.669223     0.8235 3.6988e-02     2.1603    229.961     79.991     23.780    27.4913    20.8821    1485.89 0.0000e+00
       1280 152.468945     23.000    11.3467  31.638812     0.8707 6.7133e-02     2.1615    229.901     79.984     22.789    27.4465    20.8437    1485.89 0.0000e+00
       1288 152.468966     22.000    11.3616  31.607916     0.9101 1.0586e-01     2.1635    230.399     80.163     21.799    27.4062    20.8099    1485.88 0.0000e+00
       1295 152.468988     21.000    11.3761  31.580719     0.9744 1.0139e-01     2.1664    230.615     80.245     20.808    27.3698    20.7792    1485.87 0.0000e+00
       1303 152.469010     20.000    11.3834  31.554254     1.0503 5.1989e-02     2.1666    229.900     79.993     19.817    27.3393    20.7543    1485.85 0.0000e+00
       1310 152.469031     19.000    11.3643  31.474066     1.0216 1.0584e-01     2.1626    229.165     79.673     18.826    27.2770    20.7092    1485.69 0.0000e+00
       1318 152.469053     18.000    11.3293  31.335883     0.9707 2.2612e-01     2.1580    228.694     79.396     17.836    27.1707    20.6326    1485.42 0.0000e+00
       1325 152.469073     17.000    11.3085  31.151211     0.9687 3.1318e-01     2.1538    228.707     79.284     16.845    27.0095    20.5110    1485.14 0.0000e+00
       1332 152.469095     16.000    11.2991  31.027022     0.9815 4.3261e-01     2.1516    228.930     79.289     15.854    26.8977    20.4259    1484.95 0.0000e+00
       1339 152.469116     15.000    11.3063  30.884788     1.1497 5.3494e-01     2.1500    228.385     79.042     14.863    26.7567    20.3153    1484.79 0.0000e+00
       1347 152.469137     14.000    11.3155  30.719878     1.2080 6.8386e-01     2.1445    227.503     78.671     13.872    26.5927    20.1865    1484.61 0.0000e+00
       1354 152.469157     13.000    11.3086  30.580536     1.2800 1.0088e+00     2.1400    227.350     78.542     12.881    26.4649    20.0885    1484.42 0.0000e+00
       1361 152.469178     12.000    11.2995  30.494244     1.3212 1.3373e+00     2.1374    227.353     78.490     11.890    26.3893    20.0313    1484.28 0.0000e+00
       1368 152.469199     11.000    11.2895  30.445175     1.3264 2.0882e+00     2.1353    227.205     78.403     10.900    26.3498    20.0024    1484.18 0.0000e+00
       1375 152.469220     10.000    11.2802  30.421888     1.2864 3.9897e+00     2.1334    227.011     78.312      9.909    26.3345    19.9921    1484.11 0.0000e+00
       1383 152.469241      9.000    11.2687  30.396087     1.2087 8.0416e+00     2.1319    226.763     78.199      8.918    26.3185    19.9815    1484.04 0.0000e+00
       1390 152.469262      8.000    11.2501  30.338694     1.1836 9.5281e+00     2.1287    226.229     77.963      7.927    26.2772    19.9525    1483.90 0.0000e+00
       1397 152.469284      7.000    11.2253  30.241427     1.1554 9.5307e+00     2.1252    225.948     77.788      6.936    26.2022    19.8985    1483.71 0.0000e+00
       1405 152.469305      6.000    11.2086  30.128814     1.1193 2.0742e+01     2.1226    226.083     77.759      5.945    26.1067    19.8271    1483.52 0.0000e+00
       1412 152.469327      5.000    11.1981  30.002101     1.1883 3.5490e+01     2.1211    226.072     77.682      4.954    25.9933    19.7408    1483.33 0.0000e+00
       1421 152.469351      4.000    11.2039  29.756609     1.3059 3.6971e+01     2.1204    226.785     77.819      3.964    25.7552    19.5552    1483.05 0.0000e+00
       1430 152.469379      3.000    11.2471  29.276859     1.6782 4.4698e+01     2.1263    228.965     78.398      2.973    25.2685    19.1707    1482.60 0.0000e+00
       1441 152.469410      2.000    11.3777  27.795731     2.2734 1.0877e+02     2.1374    232.359     79.039      1.982    23.7818    17.9972    1481.28 0.0000e+00
       1452 152.469442      1.000    11.5454  26.167123     2.2949 2.1841e+02     2.1425    231.554     78.245      0.991    22.1543    16.7098    1479.92 0.0000e+00
