CTD_data_day2/sbe55_sbe19p_5262_20260601_re6_1m.cnv
* Sea-Bird SBE 19plus Data File:
* FileName = C:\Data\sbe55_sbe19p_5262\2026-06-01\sbe55_sbe19p_5262_20260601_re6071.hex
* Software Version SeatermAF 2.1.4
* Temperature SN = 5262
* Conductivity SN = 5262
* System UpLoad Time = Jun 01 2026 11:59:24 (localtime) = Jun 01 2026 11:59:24 (UTC)
* ds
* SeacatPlus V 1.6b  SERIAL NO. 5262    01 Jun 2026  11:58:58
# nquan = 15
# nvalues = 143                         
# units = specified
# name 0 = scan: Scan Count
# name 1 = timeJ: Julian Days
# name 2 = prdM: Pressure, Strain Gauge [db]
# name 3 = tv290C: Temperature [ITS-90, deg C]
# name 4 = c0mS/cm: Conductivity [mS/cm]
# name 5 = wetStar: Fluorescence, WET Labs WETstar [mg/m^3]
# name 6 = par: PAR/Irradiance, Biospherical/Licor [umol photons/m^2/sec]
# name 7 = sbeox0V: Oxygen raw, SBE 43 [V]
# name 8 = sbeox0Mm/L: Oxygen, SBE 43 [umol/l], WS = 2
# name 9 = sbeox0PS: Oxygen, SBE 43 [% saturation], WS = 2
# name 10 = depSM: Depth [salt water, m], lat = 56
# name 11 = sal00: Salinity, Practical [PSU]
# name 12 = sigma-é00: Density [sigma-theta, kg/m^3]
# name 13 = svCM: Sound Velocity [Chen-Millero, m/s]
# name 14 = flag: flag
# span 0 =        334,       1452       
# span 1 = 152.466207, 152.469442       
# span 2 =      1.000,     72.000       
# span 3 =    10.3478,    11.8818       
# span 4 =  23.437937,  31.682119       
# span 5 =     0.1857,     3.6114       
# span 6 = -3.360e-05, 2.1841e+02       
# span 7 =     2.0024,     2.1689       
# span 8 =    213.187,    235.912       
# span 9 =     72.599,     80.476       
# span 10 =      0.991,     71.332      
# span 11 =    19.4448,    27.5766      
# span 12 =    14.5602,    21.0484      
# span 13 =    1477.90,    1485.99      
# span 14 = 0.0000e+00, 0.0000e+00      
# interval = decibars: 1                
# start_time = Jun 01 2026 11:09:57 [Instrument's time stamp, header]
# bad_flag = -9.990e-29
*END*
        334 152.466207      1.000    11.8818  23.437937     3.6114 1.2543e+02     2.1621    235.912     78.945      0.991    19.4448    14.5602    1477.90 0.0000e+00
        347 152.466246      2.000    11.6146  26.637846     2.7999 7.0160e+01     2.1401    230.064     78.054      1.982    22.5546    17.0088    1480.66 0.0000e+00
        357 152.466273      3.000    11.3441  28.684708     2.2453 4.1277e+01     2.1298    227.483     77.746      2.973    24.6415    18.6688    1482.20 0.0000e+00
        365 152.466298      4.000    11.2734  29.309016     1.6907 3.5613e+01     2.1235    226.705     77.675      3.964    25.2809    19.1760    1482.73 0.0000e+00
        373 152.466321      5.000    11.2026  29.848350     1.3300 2.3535e+01     2.1206    226.016     77.596      4.954    25.8433    19.6237    1483.17 0.0000e+00
        381 152.466342      6.000    11.1908  30.003604     1.2088 1.6638e+01     2.1194    226.483     77.813      5.945    25.9995    19.7469    1483.33 0.0000e+00
        388 152.466364      7.000    11.1948  30.093287     1.1887 1.1758e+01     2.1241    227.711     78.283      6.936    26.0821    19.8103    1483.45 0.0000e+00
        396 152.466385      8.000    11.2287  30.313249     1.1833 8.4550e+00     2.1297    227.945     78.514      7.927    26.2681    19.9490    1483.82 0.0000e+00
        403 152.466407      9.000    11.2645  30.400639     1.2121 6.0764e+00     2.1334    227.809     78.556      8.918    26.3258    19.9879    1484.03 0.0000e+00
        411 152.466429     10.000    11.2873  30.438235     1.3255 4.4097e+00     2.1352    227.712     78.571      9.909    26.3452    19.9992    1484.15 0.0000e+00
        418 152.466450     11.000    11.2965  30.449274     1.3021 3.2399e+00     2.1364    227.976     78.680     10.900    26.3488    20.0004    1484.20 0.0000e+00
        426 152.466472     12.000    11.3007  30.476829     1.3397 2.3563e+00     2.1396    228.888     79.013     11.891    26.3718    20.0176    1484.26 0.0000e+00
        433 152.466493     13.000    11.3248  30.630180     1.3630 1.7249e+00     2.1447    229.137     79.205     12.881    26.5007    20.1135    1484.52 0.0000e+00
        440 152.466514     14.000    11.3343  30.802163     1.2780 1.2708e+00     2.1453    228.209     78.979     13.872    26.6578    20.2339    1484.76 0.0000e+00
        448 152.466536     15.000    11.3044  30.888051     1.0821 9.2472e-01     2.1456    228.783     79.179     14.863    26.7612    20.3190    1484.79 0.0000e+00
        455 152.466557     16.000    11.2925  30.986376     0.9776 6.7175e-01     2.1481    229.210     79.357     15.854    26.8636    20.4005    1484.89 0.0000e+00
        462 152.466578     17.000    11.2965  31.086338     0.9168 4.8847e-01     2.1517    229.868     79.639     16.845    26.9561    20.4716    1485.03 0.0000e+00
        470 152.466599     18.000    11.2979  31.279019     0.8955 3.5246e-01     2.1566    230.619     79.994     17.835    27.1393    20.6135    1485.27 0.0000e+00
        477 152.466621     19.000    11.3142  31.397435     1.0033 2.4697e-01     2.1644    231.778     80.476     18.826    27.2405    20.6893    1485.47 0.0000e+00
        485 152.466642     20.000    11.3731  31.540427     1.0334 1.7419e-01     2.1688    230.842     80.300     19.817    27.3337    20.7517    1485.80 0.0000e+00
        492 152.466664     21.000    11.3919  31.571810     1.0085 1.1926e-01     2.1688    230.548     80.238     20.808    27.3496    20.7608    1485.90 0.0000e+00
        500 152.466686     22.000    11.3829  31.584167     0.9345 7.3450e-02     2.1685    230.557     80.235     21.799    27.3676    20.7764    1485.91 0.0000e+00
        507 152.466707     23.000    11.3765  31.611654     0.8666 3.7082e-02     2.1689    230.601     80.255     22.789    27.3983    20.8013    1485.94 0.0000e+00
        515 152.466729     24.000    11.3695  31.655733     0.8751 8.8895e-03     2.1674    229.968     80.047     23.780    27.4454    20.8391    1485.99 0.0000e+00
        522 152.466751     25.000    11.3507  31.678114     0.8432 -3.360e-05     2.1637    229.286     79.795     24.771    27.4804    20.8694    1485.98 0.0000e+00
        530 152.466773     26.000    11.3302  31.682119     0.8119 1.1110e-05     2.1598    228.849     79.617     25.762    27.4992    20.8875    1485.95 0.0000e+00
        537 152.466794     27.000    11.3090  31.678937     0.7532 1.9062e-05     2.1550    227.950     79.274     26.752    27.5116    20.9007    1485.90 0.0000e+00
        545 152.466816     28.000    11.2784  31.672681     0.7182 1.2627e-05     2.1461    226.130     78.597     27.743    27.5279    20.9185    1485.83 0.0000e+00
        552 152.466839     29.000    11.2229  31.644869     0.6546 1.1086e-05     2.1371    225.954     78.449     28.734    27.5422    20.9390    1485.67 0.0000e+00
        560 152.466861     30.000    11.1785  31.632125     0.6122 6.2536e-06     2.1335    226.111     78.438     29.725    27.5627    20.9624    1485.55 0.0000e+00
        568 152.466883     31.000    11.1617  31.617280     0.5925 1.8636e-05     2.1298    225.585     78.227     30.716    27.5606    20.9635    1485.50 0.0000e+00
        575 152.466905     32.000    11.1371  31.594569     0.5111 1.0321e-05     2.1251    224.968     77.969     31.706    27.5567    20.9647    1485.43 0.0000e+00
        583 152.466926     33.000    11.0917  31.540447     0.4908 1.1019e-05     2.1221    225.185     77.959     32.697    27.5381    20.9578    1485.26 0.0000e+00
        590 152.466947     34.000    11.0301  31.499742     0.4622 -6.838e-08     2.1172    223.551     77.293     33.688    27.5445    20.9730    1485.06 0.0000e+00
        597 152.466969     35.000    11.0437  31.529289     0.4641 1.0000e-12     2.1050    221.588     76.646     34.679    27.5625    20.9848    1485.15 0.0000e+00
        605 152.466991     36.000    10.9713  31.422565     0.4120 1.0000e-12     2.0967    221.650     76.523     35.669    27.5131    20.9584    1484.85 0.0000e+00
        613 152.467013     37.000    10.8347  31.312759     0.3465 1.0000e-12     2.0905    221.451     76.225     36.660    27.5087    20.9774    1484.37 0.0000e+00
        620 152.467035     38.000    10.7663  31.251508     0.3078 1.0000e-12     2.0837    220.920     75.925     37.651    27.5000    20.9819    1484.13 0.0000e+00
        628 152.467058     39.000    10.6791  31.167885     0.2535 1.0000e-12     2.0782    221.047     75.817     38.641    27.4838    20.9834    1483.81 0.0000e+00
        636 152.467080     40.000    10.6408  31.159234     0.2414 1.0000e-12     2.0747    220.839     75.692     39.632    27.5036    21.0051    1483.71 0.0000e+00
        644 152.467102     41.000    10.6521  31.171491     0.2472 1.0000e-12     2.0706    219.804     75.357     40.623    27.5067    21.0057    1483.77 0.0000e+00
        651 152.467125     42.000    10.6238  31.141499     0.2420 1.0000e-12     2.0641    219.004     75.032     41.613    27.4984    21.0038    1483.68 0.0000e+00
        659 152.467148     43.000    10.5729  31.100253     0.2213 1.0000e-12     2.0573    218.157     74.658     42.604    27.4961    21.0103    1483.51 0.0000e+00
        667 152.467170     44.000    10.5410  31.076546     0.2230 1.0000e-12     2.0493    216.934     74.188     43.595    27.4966    21.0158    1483.41 0.0000e+00
        675 152.467192     45.000    10.5001  31.044693     0.2079 1.0000e-12     2.0426    216.865     74.097     44.586    27.4958    21.0217    1483.28 0.0000e+00
        682 152.467215     46.000    10.4836  31.038008     0.2102 1.0000e-12     2.0371    215.960     73.764     45.576    27.5013    21.0287    1483.24 0.0000e+00
        690 152.467238     47.000    10.4595  31.015620     0.2083 1.0000e-12     2.0319    215.579     73.593     46.567    27.4972    21.0294    1483.16 0.0000e+00
        698 152.467261     48.000    10.4363  30.998063     0.2029 1.0000e-12     2.0267    214.988     73.354     47.558    27.4972    21.0330    1483.10 0.0000e+00
        706 152.467284     49.000    10.4119  30.980315     0.2027 1.0000e-12     2.0224    214.754     73.235     48.548    27.4978    21.0374    1483.02 0.0000e+00
        714 152.467307     50.000    10.4042  30.977560     0.2010 1.0000e-12     2.0199    214.811     73.244     49.539    27.5005    21.0408    1483.02 0.0000e+00
        722 152.467330     51.000    10.4052  30.979623     0.2080 1.0000e-12     2.0192    214.910     73.280     50.530    27.5014    21.0413    1483.04 0.0000e+00
        730 152.467353     52.000    10.4050  30.979778     0.2065 1.0000e-12     2.0186    214.733     73.219     51.520    27.5013    21.0413    1483.05 0.0000e+00
        738 152.467376     53.000    10.4020  30.977328     0.2009 1.0000e-12     2.0177    214.739     73.216     52.511    27.5008    21.0414    1483.06 0.0000e+00
        746 152.467399     54.000    10.3954  30.971574     0.2016 1.0000e-12     2.0161    214.272     73.046     53.501    27.4998    21.0416    1483.05 0.0000e+00
        754 152.467422     55.000    10.3845  30.959960     0.2030 1.0000e-12     2.0143    214.330     73.046     54.492    27.4962    21.0407    1483.02 0.0000e+00
        762 152.467444     56.000    10.3747  30.955085     0.1996 1.0000e-12     2.0138    214.474     73.081     55.483    27.4985    21.0440    1483.00 0.0000e+00
        769 152.467467     57.000    10.3742  30.955233     0.1907 1.0000e-12     2.0136    214.290     73.017     56.474    27.4986    21.0442    1483.02 0.0000e+00
        777 152.467489     58.000    10.3725  30.954216     0.1915 1.0000e-12     2.0122    214.241     72.998     57.464    27.4985    21.0444    1483.03 0.0000e+00
        785 152.467512     59.000    10.3702  30.952990     0.1882 1.0000e-12     2.0119    214.277     73.006     58.455    27.4987    21.0450    1483.04 0.0000e+00
        793 152.467536     60.000    10.3691  30.951999     0.1948 1.0000e-12     2.0117    214.297     73.011     59.445    27.4981    21.0447    1483.05 0.0000e+00
        801 152.467559     61.000    10.3658  30.950030     0.1939 1.0000e-12     2.0113    214.160     72.960     60.436    27.4983    21.0454    1483.05 0.0000e+00
        810 152.467583     62.000    10.3622  30.946500     0.1905 1.0000e-12     2.0097    213.855     72.849     61.427    27.4973    21.0452    1483.06 0.0000e+00
        818 152.467606     63.000    10.3567  30.942990     0.1932 1.0000e-12     2.0085    213.891     72.853     62.417    27.4976    21.0462    1483.05 0.0000e+00
        826 152.467630     64.000    10.3552  30.942529     0.1923 1.0000e-12     2.0086    214.163     72.943     63.408    27.4979    21.0467    1483.06 0.0000e+00
        834 152.467654     65.000    10.3561  30.944490     0.1884 1.0000e-12     2.0085    213.878     72.848     64.398    27.4987    21.0473    1483.09 0.0000e+00
        842 152.467677     66.000    10.3577  30.945006     0.1907 1.0000e-12     2.0075    213.839     72.837     65.389    27.4977    21.0462    1483.11 0.0000e+00
        850 152.467701     67.000    10.3531  30.940664     0.1937 1.0000e-12     2.0061    213.490     72.710     66.380    27.4966    21.0461    1483.11 0.0000e+00
        859 152.467724     68.000    10.3482  30.938169     0.1962 1.0000e-12     2.0048    213.518     72.712     67.370    27.4974    21.0476    1483.10 0.0000e+00
        867 152.467748     69.000    10.3486  30.938780     0.1923 1.0000e-12     2.0045    213.673     72.766     68.361    27.4974    21.0475    1483.12 0.0000e+00
        875 152.467773     70.000    10.3490  30.939777     0.1903 1.0000e-12     2.0044    213.485     72.702     69.351    27.4976    21.0477    1483.14 0.0000e+00
        884 152.467798     71.000    10.3478  30.939027     0.1938 1.0000e-12     2.0024    213.187     72.599     70.342    27.4974    21.0477    1483.15 0.0000e+00
        902 152.467850     72.000    10.3484  30.940912     0.1982 1.0000e-12     2.0026    213.864     72.830     71.332    27.4985    21.0484    1483.17 0.0000e+00
        905 152.467858     71.000    10.3516  30.942159     0.1959 1.0000e-12     2.0034    213.599     72.746     70.342    27.4976    21.0473    1483.17 0.0000e+00
        914 152.467884     70.000    10.3535  30.943531     0.1874 1.0000e-12     2.0041    213.779     72.810     69.351    27.4979    21.0472    1483.16 0.0000e+00
        922 152.467909     69.000    10.3551  30.943978     0.1961 1.0000e-12     2.0056    214.016     72.893     68.361    27.4976    21.0466    1483.15 0.0000e+00
        930 152.467932     68.000    10.3546  30.943176     0.1913 1.0000e-12     2.0064    213.859     72.838     67.370    27.4975    21.0466    1483.13 0.0000e+00
        939 152.467957     67.000    10.3551  30.943506     0.1882 1.0000e-12     2.0062    213.759     72.805     66.380    27.4978    21.0468    1483.11 0.0000e+00
        947 152.467981     66.000    10.3552  30.942843     0.1889 1.0000e-12     2.0060    213.706     72.787     65.389    27.4974    21.0464    1483.10 0.0000e+00
        955 152.468004     65.000    10.3547  30.941897     0.1913 1.0000e-12     2.0057    213.712     72.788     64.398    27.4973    21.0464    1483.08 0.0000e+00
        963 152.468028     64.000    10.3549  30.942231     0.1887 1.0000e-12     2.0060    213.680     72.778     63.408    27.4978    21.0468    1483.06 0.0000e+00
        971 152.468051     63.000    10.3567  30.943151     0.1857 1.0000e-12     2.0065    213.959     72.876     62.417    27.4978    21.0464    1483.05 0.0000e+00
        979 152.468074     62.000    10.3573  30.943345     0.1920 1.0000e-12     2.0081    214.160     72.946     61.427    27.4978    21.0463    1483.04 0.0000e+00
        988 152.468098     61.000    10.3588  30.944348     0.1905 1.0000e-12     2.0084    213.837     72.838     60.436    27.4981    21.0463    1483.03 0.0000e+00
        996 152.468121     60.000    10.3602  30.944830     0.1969 3.7207e-06     2.0078    213.855     72.846     59.445    27.4979    21.0459    1483.02 0.0000e+00
       1004 152.468144     59.000    10.3608  30.945235     0.1904 3.6304e-06     2.0092    214.212     72.969     58.455    27.4982    21.0461    1483.00 0.0000e+00
       1012 152.468167     58.000    10.3637  30.947767     0.1894 1.7826e-06     2.0098    214.141     72.950     57.464    27.4988    21.0460    1483.00 0.0000e+00
       1020 152.468190     57.000    10.3691  30.952229     0.1883 2.0395e-05     2.0110    214.255     72.998     56.473    27.4995    21.0457    1483.00 0.0000e+00
       1027 152.468213     56.000    10.3732  30.955112     0.1915 7.7494e-06     2.0107    214.137     72.964     55.483    27.4996    21.0451    1483.00 0.0000e+00
       1035 152.468235     55.000    10.3764  30.957417     0.1925 1.0533e-05     2.0121    214.532     73.104     54.492    27.4999    21.0448    1483.00 0.0000e+00
       1043 152.468257     54.000    10.3807  30.961497     0.1960 3.6012e-06     2.0134    214.472     73.091     53.502    27.5010    21.0450    1483.00 0.0000e+00
       1050 152.468279     53.000    10.3866  30.966189     0.1928 3.6877e-06     2.0139    214.409     73.079     52.511    27.5015    21.0444    1483.00 0.0000e+00
       1058 152.468302     52.000    10.3905  30.968716     0.2019 8.9914e-06     2.0141    214.452     73.100     51.520    27.5014    21.0437    1483.00 0.0000e+00
       1066 152.468325     51.000    10.3917  30.969272     0.2034 2.1104e-06     2.0146    214.463     73.105     50.530    27.5014    21.0435    1482.99 0.0000e+00
       1074 152.468347     50.000    10.3929  30.969835     0.2007 1.1347e-05     2.0153    214.613     73.159     49.539    27.5014    21.0433    1482.98 0.0000e+00
       1082 152.468370     49.000    10.3937  30.970253     0.1991 3.5584e-06     2.0160    214.574     73.147     48.548    27.5016    21.0433    1482.96 0.0000e+00
       1089 152.468393     48.000    10.3961  30.972778     0.1993 3.6313e-06     2.0167    214.863     73.250     47.558    27.5026    21.0437    1482.96 0.0000e+00
