CTD_data_day2/sbe55_sbe19p_5262_20260601_re7pt5.cnv
* Sea-Bird SBE 19plus Data File:
* FileName = C:\Data\sbe55_sbe19p_5262\2026-06-01\sbe55_sbe19p_5262_20260601_re7073.hex
* Software Version SeatermAF 2.1.4
* Temperature SN = 5262
* Conductivity SN = 5262
* System UpLoad Time = Jun 01 2026 13:38:18 (localtime) = Jun 01 2026 13:38:18 (UTC)
* ds
* SeacatPlus V 1.6b  SERIAL NO. 5262    01 Jun 2026  13:36:26
# nquan = 15                                
# nvalues = 643                         
# units = specified
# name 0 = scan: Scan Count
# name 1 = timeJ: Julian Days
# name 2 = prdM: Pressure, Strain Gauge [db]
# name 3 = tv290C: Temperature [ITS-90, deg C]
# name 4 = c0mS/cm: Conductivity [mS/cm]
# name 5 = wetStar: Fluorescence, WET Labs WETstar [mg/m^3]
# name 6 = par: PAR/Irradiance, Biospherical/Licor [umol photons/m^2/sec]
# name 7 = sbeox0V: Oxygen raw, SBE 43 [V]
# name 8 = sbeox0Mm/L: Oxygen, SBE 43 [umol/l], WS = 2
# name 9 = sbeox0PS: Oxygen, SBE 43 [% saturation], WS = 2
# name 10 = depSM: Depth [salt water, m], lat = 56
# name 11 = sal00: Salinity, Practical [PSU]
# name 12 = sigma-é00: Density [sigma-theta, kg/m^3]
# name 13 = svCM: Sound Velocity [Chen-Millero, m/s]
# name 14 = flag: flag
# span 0 =        301,        943       
# span 1 = 152.548981, 152.550839       
# span 2 =     -0.211,     36.150       
# span 3 =    11.3438,    11.5975       
# span 4 =   2.853165,  32.378012       
# span 5 =     0.0442,     3.6874       
# span 6 = 1.0000e-12, 9.6953e+02       
# span 7 =     1.9685,     2.2056       
# span 8 =    205.557,    235.061       
# span 9 =     69.303,     82.171       
# span 10 =     -0.209,     35.818      
# span 11 =     2.0454,    28.1115      
# span 12 =     1.1564,    21.3510      
# span 13 =    1455.47,    1487.09      
# span 14 = 0.0000e+00, 0.0000e+00      
# interval = seconds: 0.25
# start_time = Jun 01 2026 13:09:17 [Instrument's time stamp, header]
# bad_flag = -9.990e-29
*END*
[from data line 386]
        687 152.550098     26.865    11.4197  32.112655     1.4726 1.0000e-12     2.2000    234.177     81.806     26.619    27.8449    21.1405    1486.69 0.0000e+00
        688 152.550101     26.731    11.4202  32.108798     1.2723 1.0000e-12     2.2004    234.192     81.811     26.486    27.8409    21.1373    1486.69 0.0000e+00
        689 152.550104     26.597    11.4206  32.104919     1.3382 1.0000e-12     2.2004    234.122     81.785     26.353    27.8369    21.1341    1486.68 0.0000e+00
        690 152.550107     26.463    11.4210  32.100849     1.4330 1.0000e-12     2.1998    234.081     81.769     26.221    27.8328    21.1308    1486.68 0.0000e+00
        691 152.550110     26.329    11.4215  32.096911     1.2715 1.0000e-12     2.1991    233.999     81.739     26.088    27.8287    21.1276    1486.67 0.0000e+00
        692 152.550113     26.195    11.4219  32.093229     1.3671 1.0000e-12     2.1992    234.070     81.762     25.955    27.8249    21.1246    1486.66 0.0000e+00
        693 152.550116     26.061    11.4223  32.089715     1.3659 1.0000e-12     2.1995    234.189     81.803     25.822    27.8213    21.1217    1486.66 0.0000e+00
        694 152.550119     25.927    11.4228  32.086463     1.3679 1.0000e-12     2.1996    234.313     81.845     25.689    27.8178    21.1189    1486.66 0.0000e+00
        695 152.550122     25.795    11.4232  32.083345     1.7457 1.0000e-12     2.2001    234.457     81.895     25.559    27.8146    21.1163    1486.65 0.0000e+00
        696 152.550124     25.662    11.4236  32.080216     1.3877 1.0000e-12     2.2002    234.548     81.925     25.427    27.8113    21.1137    1486.65 0.0000e+00
        697 152.550127     25.530    11.4240  32.077326     1.3770 1.0000e-12     2.2000    234.535     81.920     25.296    27.8083    21.1113    1486.64 0.0000e+00
        698 152.550130     25.397    11.4243  32.074906     1.4792 1.0000e-12     2.2003    234.617     81.948     25.164    27.8058    21.1093    1486.64 0.0000e+00
        699 152.550133     25.264    11.4246  32.072976     1.5030 1.0000e-12     2.2006    234.682     81.970     25.033    27.8038    21.1077    1486.63 0.0000e+00
        700 152.550136     25.131    11.4248  32.071421     1.3613 1.0000e-12     2.2017    234.795     82.009     24.901    27.8022    21.1064    1486.63 0.0000e+00
        701 152.550139     24.997    11.4250  32.070066     1.4153 2.9513e-05     2.2015    234.680     81.969     24.768    27.8008    21.1053    1486.63 0.0000e+00
        702 152.550142     24.864    11.4252  32.068816     1.4491 1.4502e-03     2.2020    234.652     81.958     24.636    27.7995    21.1043    1486.62 0.0000e+00
        703 152.550145     24.731    11.4253  32.067709     1.4347 1.0569e-02     2.2023    234.575     81.931     24.504    27.7984    21.1034    1486.62 0.0000e+00
        704 152.550148     24.598    11.4254  32.066786     1.5368 1.7457e-02     2.2016    234.365     81.858     24.373    27.7975    21.1027    1486.62 0.0000e+00
        705 152.550150     24.465    11.4254  32.065990     1.4742 1.4137e-02     2.2013    234.383     81.864     24.241    27.7968    21.1021    1486.62 0.0000e+00
        706 152.550153     24.332    11.4255  32.065291     1.4985 1.4961e-02     2.2017    234.463     81.891     24.109    27.7961    21.1016    1486.61 0.0000e+00
        707 152.550156     24.199    11.4255  32.064639     1.4734 2.0535e-02     2.2015    234.476     81.896     23.977    27.7955    21.1011    1486.61 0.0000e+00
        708 152.550159     24.066    11.4256  32.064011     1.5480 4.2442e-02     2.2015    234.569     81.928     23.846    27.7949    21.1006    1486.61 0.0000e+00
        709 152.550162     23.932    11.4256  32.063450     1.4384 5.0543e-02     2.2024    234.677     81.965     23.713    27.7944    21.1002    1486.60 0.0000e+00
        710 152.550165     23.799    11.4257  32.062977     1.4590 5.7266e-02     2.2024    234.642     81.953     23.581    27.7939    21.0998    1486.60 0.0000e+00
        711 152.550168     23.666    11.4258  32.062544     1.4318 5.6144e-02     2.2022    234.623     81.946     23.449    27.7935    21.0995    1486.60 0.0000e+00
        712 152.550171     23.533    11.4258  32.062119     1.4095 5.3681e-02     2.2025    234.632     81.949     23.318    27.7931    21.0992    1486.60 0.0000e+00
        713 152.550174     23.401    11.4258  32.061701     1.3836 6.5987e-02     2.2021    234.526     81.912     23.187    27.7928    21.0989    1486.59 0.0000e+00
        714 152.550177     23.268    11.4258  32.061313     1.5554 6.7134e-02     2.2024    234.468     81.892     23.055    27.7924    21.0987    1486.59 0.0000e+00
        715 152.550179     23.136    11.4258  32.060957     1.3704 6.5616e-02     2.2027    234.346     81.849     22.924    27.7921    21.0984    1486.59 0.0000e+00
        716 152.550182     23.004    11.4258  32.060653     1.4009 6.3379e-02     2.2027    234.162     81.784     22.793    27.7919    21.0982    1486.59 0.0000e+00
        717 152.550185     22.871    11.4258  32.060423     1.3972 8.7565e-02     2.2028    234.046     81.744     22.662    27.7917    21.0981    1486.58 0.0000e+00
        718 152.550188     22.738    11.4257  32.060287     1.4738 1.0106e-01     2.2014    233.749     81.640     22.530    27.7917    21.0981    1486.58 0.0000e+00
        719 152.550191     22.605    11.4257  32.060261     1.3288 9.8205e-02     2.2004    233.563     81.575     22.398    27.7917    21.0981    1486.58 0.0000e+00
        720 152.550194     22.473    11.4256  32.060312     1.3836 1.1053e-01     2.1999    233.584     81.582     22.267    27.7919    21.0983    1486.58 0.0000e+00
        721 152.550197     22.340    11.4256  32.060423     1.5694 1.1257e-01     2.1996    233.700     81.623     22.136    27.7921    21.0984    1486.58 0.0000e+00
        722 152.550200     22.209    11.4255  32.060537     1.4767 1.1696e-01     2.1997    233.906     81.695     22.006    27.7923    21.0986    1486.57 0.0000e+00
        723 152.550203     22.078    11.4254  32.060589     1.4103 1.2638e-01     2.1994    233.984     81.722     21.876    27.7925    21.0987    1486.57 0.0000e+00
        724 152.550205     21.947    11.4253  32.060549     1.3716 1.2076e-01     2.1999    234.114     81.767     21.746    27.7926    21.0988    1486.57 0.0000e+00
        725 152.550208     21.817    11.4252  32.060398     1.3366 1.3600e-01     2.2000    234.122     81.770     21.617    27.7925    21.0988    1486.57 0.0000e+00
        726 152.550211     21.688    11.4251  32.060129     1.3700 1.4290e-01     2.1996    234.063     81.749     21.490    27.7924    21.0987    1486.56 0.0000e+00
        727 152.550214     21.558    11.4251  32.059766     1.4033 1.3905e-01     2.1997    234.122     81.769     21.361    27.7921    21.0985    1486.56 0.0000e+00
        728 152.550217     21.429    11.4251  32.059354     1.4594 1.3933e-01     2.1998    234.154     81.780     21.233    27.7918    21.0982    1486.56 0.0000e+00
        729 152.550220     21.299    11.4251  32.058967     1.4763 1.5585e-01     2.1995    234.201     81.797     21.104    27.7914    21.0980    1486.56 0.0000e+00
        730 152.550223     21.170    11.4251  32.058706     1.3292 1.6957e-01     2.1998    234.303     81.832     20.976    27.7912    21.0978    1486.55 0.0000e+00
        731 152.550226     21.041    11.4252  32.058601     1.3881 1.6894e-01     2.2003    234.473     81.892     20.848    27.7911    21.0977    1486.55 0.0000e+00
        732 152.550229     20.913    11.4252  32.058541     1.3935 1.9365e-01     2.2005    234.672     81.961     20.722    27.7911    21.0977    1486.55 0.0000e+00
        733 152.550231     20.785    11.4252  32.058418     1.4643 2.2249e-01     2.2010    234.797     82.005     20.595    27.7910    21.0976    1486.55 0.0000e+00
        734 152.550234     20.658    11.4252  32.058195     1.4277 2.0890e-01     2.2008    234.732     81.982     20.469    27.7909    21.0975    1486.54 0.0000e+00
        735 152.550237     20.530    11.4252  32.057873     1.5265 2.1212e-01     2.2020    234.894     82.038     20.342    27.7906    21.0973    1486.54 0.0000e+00
        736 152.550240     20.403    11.4252  32.057451     1.5615 2.1496e-01     2.2033    235.061     82.097     20.216    27.7902    21.0970    1486.54 0.0000e+00
        737 152.550243     20.276    11.4253  32.056907     1.4388 2.1708e-01     2.2027    234.913     82.045     20.091    27.7897    21.0966    1486.54 0.0000e+00
        738 152.550246     20.150    11.4254  32.056183     1.4244 2.1660e-01     2.2027    234.834     82.017     19.966    27.7890    21.0960    1486.54 0.0000e+00
        739 152.550249     20.024    11.4256  32.055229     1.5055 2.4120e-01     2.2035    234.814     82.010     19.841    27.7879    21.0951    1486.53 0.0000e+00
        740 152.550252     19.899    11.4258  32.054012     1.4050 2.6166e-01     2.2037    234.787     82.000     19.717    27.7867    21.0941    1486.53 0.0000e+00
        741 152.550255     19.775    11.4260  32.052467     1.5632 2.8102e-01     2.2037    234.789     82.000     19.594    27.7851    21.0929    1486.53 0.0000e+00
        742 152.550258     19.652    11.4264  32.050446     1.4099 3.0624e-01     2.2037    234.725     81.978     19.472    27.7829    21.0911    1486.52 0.0000e+00
        743 152.550260     19.529    11.4269  32.047927     1.5121 3.0651e-01     2.2040    234.754     81.987     19.350    27.7801    21.0889    1486.52 0.0000e+00
        744 152.550263     19.408    11.4274  32.045181     1.4429 3.3748e-01     2.2042    234.751     81.985     19.230    27.7772    21.0865    1486.52 0.0000e+00
        745 152.550266     19.286    11.4281  32.042407     1.4454 3.1634e-01     2.2038    234.747     81.984     19.110    27.7740    21.0839    1486.51 0.0000e+00
        746 152.550269     19.165    11.4288  32.039404     1.5035 3.3912e-01     2.2039    234.778     81.994     18.990    27.7707    21.0812    1486.51 0.0000e+00
        747 152.550272     19.044    11.4294  32.035872     1.4239 3.1360e-01     2.2048    234.938     82.049     18.870    27.7669    21.0782    1486.50 0.0000e+00
        748 152.550275     18.923    11.4301  32.031934     1.4211 3.2439e-01     2.2041    234.887     82.030     18.750    27.7626    21.0747    1486.50 0.0000e+00
        749 152.550278     18.802    11.4308  32.028156     1.5591 3.8456e-01     2.2050    234.964     82.056     18.630    27.7585    21.0714    1486.50 0.0000e+00
        750 152.550281     18.682    11.4315  32.024864     1.4548 4.1155e-01     2.2049    234.899     82.033     18.511    27.7549    21.0685    1486.49 0.0000e+00
        751 152.550284     18.562    11.4321  32.021892     1.4491 3.7849e-01     2.2054    234.883     82.027     18.392    27.7516    21.0659    1486.49 0.0000e+00
        752 152.550286     18.442    11.4326  32.018984     1.4997 3.6826e-01     2.2056    234.897     82.031     18.273    27.7485    21.0634    1486.48 0.0000e+00
        753 152.550289     18.322    11.4330  32.016005     1.3518 4.1744e-01     2.2046    234.649     81.943     18.154    27.7454    21.0609    1486.48 0.0000e+00
        754 152.550292     18.201    11.4334  32.013024     1.6225 4.3973e-01     2.2052    234.730     81.970     18.035    27.7423    21.0584    1486.48 0.0000e+00
        755 152.550295     18.080    11.4337  32.010061     1.4754 4.5176e-01     2.2050    234.628     81.934     17.915    27.7393    21.0560    1486.47 0.0000e+00
        756 152.550298     17.959    11.4340  32.006946     1.4322 4.5841e-01     2.2050    234.650     81.941     17.795    27.7361    21.0535    1486.47 0.0000e+00
        757 152.550301     17.838    11.4342  32.003563     1.3836 4.7716e-01     2.2048    234.638     81.935     17.675    27.7328    21.0508    1486.46 0.0000e+00
        758 152.550304     17.717    11.4343  32.000091     1.4318 5.3574e-01     2.2051    234.592     81.917     17.555    27.7294    21.0482    1486.46 0.0000e+00
        759 152.550307     17.597    11.4345  31.996757     1.4149 5.4265e-01     2.2044    234.457     81.869     17.436    27.7261    21.0456    1486.45 0.0000e+00
        760 152.550310     17.477    11.4346  31.993506     1.3815 5.5524e-01     2.2048    234.402     81.848     17.317    27.7230    21.0432    1486.44 0.0000e+00
        761 152.550312     17.357    11.4347  31.990274     1.4190 5.5188e-01     2.2043    234.295     81.809     17.198    27.7198    21.0407    1486.44 0.0000e+00
        762 152.550315     17.238    11.4348  31.987044     1.4281 5.7524e-01     2.2040    234.246     81.791     17.080    27.7167    21.0383    1486.43 0.0000e+00
        763 152.550318     17.120    11.4348  31.983934     1.7235 5.9778e-01     2.2037    234.247     81.789     16.964    27.7138    21.0360    1486.43 0.0000e+00
        764 152.550321     17.001    11.4349  31.981226     1.4285 6.3715e-01     2.2027    234.164     81.759     16.846    27.7111    21.0339    1486.42 0.0000e+00
        765 152.550324     16.883    11.4350  31.978989     1.4750 6.4289e-01     2.2030    234.282     81.800     16.729    27.7090    21.0322    1486.42 0.0000e+00
        766 152.550327     16.765    11.4350  31.977095     1.5187 6.4430e-01     2.2031    234.344     81.820     16.612    27.7072    21.0309    1486.42 0.0000e+00
        767 152.550330     16.647    11.4351  31.975513     1.4091 6.5255e-01     2.2029    234.356     81.824     16.495    27.7057    21.0296    1486.41 0.0000e+00
        768 152.550333     16.529    11.4351  31.974133     1.3609 6.6115e-01     2.2034    234.414     81.843     16.378    27.7044    21.0286    1486.41 0.0000e+00
        769 152.550336     16.411    11.4352  31.972703     1.3234 7.0765e-01     2.2029    234.296     81.802     16.261    27.7030    21.0275    1486.41 0.0000e+00
        770 152.550339     16.292    11.4352  31.971033     1.5208 7.2597e-01     2.2027    234.267     81.791     16.143    27.7014    21.0263    1486.40 0.0000e+00
        771 152.550341     16.174    11.4352  31.969119     1.5088 7.6373e-01     2.2026    234.298     81.801     16.026    27.6996    21.0249    1486.40 0.0000e+00
        772 152.550344     16.056    11.4351  31.967026     1.3741 8.2043e-01     2.2020    234.212     81.770     15.909    27.6977    21.0235    1486.39 0.0000e+00
        773 152.550347     15.938    11.4351  31.964765     1.4985 8.6710e-01     2.2024    234.303     81.800     15.792    27.6956    21.0218    1486.39 0.0000e+00
        774 152.550350     15.820    11.4350  31.962468     1.3576 8.5183e-01     2.2025    234.277     81.790     15.675    27.6935    21.0202    1486.38 0.0000e+00
        775 152.550353     15.701    11.4349  31.960413     1.3856 9.0151e-01     2.2028    234.397     81.830     15.558    27.6917    21.0188    1486.38 0.0000e+00
        776 152.550356     15.583    11.4349  31.958636     1.3415 9.6963e-01     2.2024    234.371     81.821     15.441    27.6900    21.0175    1486.38 0.0000e+00
        777 152.550359     15.464    11.4348  31.957078     1.3914 1.0401e+00     2.2021    234.318     81.801     15.323    27.6886    21.0165    1486.37 0.0000e+00
        778 152.550362     15.346    11.4348  31.955711     1.4429 1.0348e+00     2.2015    234.251     81.777     15.206    27.6874    21.0155    1486.37 0.0000e+00
        779 152.550365     15.227    11.4347  31.954405     1.3469 1.1417e+00     2.2028    234.356     81.813     15.088    27.6862    21.0146    1486.36 0.0000e+00
        780 152.550367     15.109    11.4346  31.953145     1.4454 1.1927e+00     2.2024    234.295     81.791     14.971    27.6852    21.0138    1486.36 0.0000e+00
        781 152.550370     14.991    11.4344  31.952006     1.3621 1.2186e+00     2.2026    234.258     81.778     14.854    27.6843    21.0131    1486.36 0.0000e+00
