CTD_data_day2/sbe55_sbe19p_5262_20260601_re4.cnv
* Sea-Bird SBE 19plus Data File:
* FileName = C:\Data\sbe55_sbe19p_5262\2026-06-01\sbe55_sbe19p_5262_20260601_re4070.hex
* Software Version SeatermAF 2.1.4
* Temperature SN = 5262
* Conductivity SN = 5262
* System UpLoad Time = Jun 01 2026 10:54:12 (localtime) = Jun 01 2026 10:54:12 (UTC)
* ds
* SeacatPlus V 1.6b  SERIAL NO. 5262    01 Jun 2026  10:53:41
# nquan = 15                                
# nvalues = 2249                        
# units = specified
# name 0 = scan: Scan Count
# name 1 = timeJ: Julian Days
# name 2 = prdM: Pressure, Strain Gauge [db]
# name 3 = tv290C: Temperature [ITS-90, deg C]
# name 4 = c0mS/cm: Conductivity [mS/cm]
# name 5 = wetStar: Fluorescence, WET Labs WETstar [mg/m^3]
# name 6 = par: PAR/Irradiance, Biospherical/Licor [umol photons/m^2/sec]
# name 7 = sbeox0V: Oxygen raw, SBE 43 [V]
# name 8 = sbeox0Mm/L: Oxygen, SBE 43 [umol/l], WS = 2
# name 9 = sbeox0PS: Oxygen, SBE 43 [% saturation], WS = 2
# name 10 = depSM: Depth [salt water, m], lat = 56
# name 11 = sal00: Salinity, Practical [PSU]
# name 12 = sigma-é00: Density [sigma-theta, kg/m^3]
# name 13 = svCM: Sound Velocity [Chen-Millero, m/s]
# name 14 = flag: flag
# span 0 =        301,       2549       
# span 1 = 152.428218, 152.434722       
# span 2 =     -0.232,    121.849       
# span 3 =    10.0680,    13.0203       
# span 4 =   4.142507,  31.241540       
# span 5 =     0.1505,     6.9789       
# span 6 = 1.0000e-12, 1.0841e+03       
# span 7 =     1.0872,     2.2750       
# span 8 =     80.068,    247.794       
# span 9 =     27.839,     85.126       
# span 10 =     -0.230,    120.705      
# span 11 =     3.0341,    26.9450      
# span 12 =     1.9192,    20.4368      
# span 13 =    1456.87,    1487.34      
# span 14 = 0.0000e+00, 0.0000e+00      
# interval = seconds: 0.25
# start_time = Jun 01 2026 10:15:23 [Instrument's time stamp, header]
# bad_flag = -9.990e-29
*END*
[from data line 675]
        976 152.430171     39.253    10.2833  29.312355     0.2110 1.0000e-12     1.9647    208.808     70.314     38.892    25.9633    19.8639    1480.54 0.0000e+00
        977 152.430174     39.396    10.2864  29.318873     0.2184 1.0000e-12     1.9646    209.006     70.388     39.034    25.9674    19.8666    1480.56 0.0000e+00
        978 152.430177     39.538    10.2902  29.325627     0.2213 1.0000e-12     1.9638    209.039     70.406     39.174    25.9712    19.8690    1480.58 0.0000e+00
        979 152.430179     39.679    10.2947  29.331750     0.2197 1.0000e-12     1.9647    209.386     70.532     39.314    25.9740    19.8705    1480.60 0.0000e+00
        980 152.430182     39.821    10.2992  29.336717     0.2312 1.0000e-12     1.9638    209.441     70.558     39.455    25.9755    19.8710    1480.62 0.0000e+00
        981 152.430185     39.962    10.3034  29.340793     0.2296 1.0000e-12     1.9651    209.653     70.636     39.595    25.9765    19.8711    1480.64 0.0000e+00
        982 152.430188     40.104    10.3072  29.344235     0.2312 1.0000e-12     1.9647    209.684     70.653     39.735    25.9771    19.8710    1480.66 0.0000e+00
        983 152.430191     40.245    10.3104  29.347023     0.2325 1.0000e-12     1.9649    209.772     70.688     39.875    25.9775    19.8708    1480.67 0.0000e+00
        984 152.430194     40.387    10.3131  29.349301     0.2209 1.0000e-12     1.9658    209.995     70.767     40.016    25.9777    19.8705    1480.69 0.0000e+00
        985 152.430197     40.528    10.3154  29.351409     0.2279 1.0000e-12     1.9651    209.904     70.740     40.155    25.9781    19.8705    1480.70 0.0000e+00
        986 152.430200     40.669    10.3173  29.353727     0.2259 1.0000e-12     1.9660    210.104     70.811     40.295    25.9789    19.8708    1480.71 0.0000e+00
        987 152.430203     40.810    10.3192  29.356537     0.2312 1.0000e-12     1.9670    210.228     70.856     40.435    25.9803    19.8716    1480.72 0.0000e+00
        988 152.430205     40.951    10.3211  29.359794     0.2279 1.0000e-12     1.9670    210.181     70.844     40.574    25.9820    19.8727    1480.73 0.0000e+00
        989 152.430208     41.093    10.3233  29.363281     0.2238 1.0000e-12     1.9678    210.338     70.902     40.715    25.9838    19.8737    1480.74 0.0000e+00
        990 152.430211     41.235    10.3256  29.366768     0.2287 1.0000e-12     1.9678    210.243     70.874     40.856    25.9855    19.8747    1480.76 0.0000e+00
        991 152.430214     41.377    10.3279  29.369941     0.2213 1.0000e-12     1.9680    210.242     70.878     40.996    25.9869    19.8754    1480.77 0.0000e+00
        992 152.430217     41.519    10.3300  29.372469     0.2217 1.0000e-12     1.9683    210.312     70.905     41.137    25.9879    19.8758    1480.78 0.0000e+00
        993 152.430220     41.661    10.3317  29.374378     0.2226 1.0000e-12     1.9690    210.482     70.965     41.278    25.9885    19.8760    1480.79 0.0000e+00
        994 152.430223     41.803    10.3329  29.376082     0.2283 1.0000e-12     1.9692    210.548     70.990     41.418    25.9892    19.8764    1480.80 0.0000e+00
        995 152.430226     41.945    10.3337  29.377984     0.2209 1.0000e-12     1.9698    210.737     71.055     41.559    25.9904    19.8773    1480.80 0.0000e+00
        996 152.430229     42.086    10.3345  29.380096     0.2283 1.0000e-12     1.9701    210.852     71.096     41.699    25.9919    19.8783    1480.81 0.0000e+00
        997 152.430231     42.228    10.3356  29.382247     0.2279 1.0000e-12     1.9713    211.060     71.168     41.839    25.9932    19.8791    1480.82 0.0000e+00
        998 152.430234     42.370    10.3368  29.384432     0.2238 1.0000e-12     1.9710    211.026     71.160     41.980    25.9944    19.8799    1480.83 0.0000e+00
        999 152.430237     42.512    10.3381  29.386892     0.2271 1.0000e-12     1.9725    211.249     71.237     42.121    25.9958    19.8808    1480.83 0.0000e+00
       1000 152.430240     42.654    10.3396  29.389946     0.2320 1.0000e-12     1.9731    211.328     71.267     42.261    25.9977    19.8820    1480.84 0.0000e+00
       1001 152.430243     42.795    10.3414  29.393864     0.2308 1.0000e-12     1.9736    211.281     71.255     42.401    26.0001    19.8836    1480.86 0.0000e+00
       1002 152.430246     42.937    10.3438  29.398831     0.2296 1.0000e-12     1.9738    211.148     71.215     42.542    26.0032    19.8857    1480.87 0.0000e+00
       1003 152.430249     43.078    10.3468  29.404526     0.2304 1.0000e-12     1.9747    210.991     71.169     42.682    26.0066    19.8878    1480.89 0.0000e+00
       1004 152.430252     43.219    10.3506  29.410363     0.2333 1.0000e-12     1.9752    210.662     71.065     42.821    26.0095    19.8895    1480.91 0.0000e+00
       1005 152.430255     43.360    10.3549  29.416191     0.2283 1.0000e-12     1.9750    210.103     70.884     42.961    26.0121    19.8908    1480.93 0.0000e+00
       1006 152.430258     43.501    10.3595  29.421968     0.2329 1.0000e-12     1.9743    209.279     70.615     43.101    26.0144    19.8919    1480.95 0.0000e+00
       1007 152.430260     43.642    10.3642  29.427190     0.2366 1.0000e-12     1.9741    208.471     70.350     43.240    26.0161    19.8925    1480.97 0.0000e+00
       1008 152.430263     43.782    10.3688  29.431313     0.2395 1.0000e-12     1.9718    207.241     69.942     43.379    26.0168    19.8923    1480.99 0.0000e+00
       1009 152.430266     43.922    10.3727  29.434161     0.2370 1.0000e-12     1.9695    206.071     69.553     43.518    26.0167    19.8917    1481.01 0.0000e+00
       1010 152.430269     44.061    10.3756  29.435621     0.2362 1.0000e-12     1.9659    204.755     69.113     43.655    26.0160    19.8907    1481.02 0.0000e+00
       1011 152.430272     44.200    10.3772  29.435389     0.2275 1.0000e-12     1.9631    203.701     68.759     43.793    26.0146    19.8893    1481.03 0.0000e+00
       1012 152.430275     44.339    10.3773  29.433109     0.2271 1.0000e-12     1.9580    202.640     68.400     43.931    26.0122    19.8875    1481.03 0.0000e+00
       1013 152.430278     44.477    10.3757  29.428787     0.2316 1.0000e-12     1.9538    201.866     68.135     44.068    26.0091    19.8853    1481.02 0.0000e+00
       1014 152.430281     44.616    10.3721  29.422722     0.2267 1.0000e-12     1.9491    201.282     67.931     44.205    26.0057    19.8832    1481.01 0.0000e+00
       1015 152.430284     44.754    10.3667  29.415104     0.2222 1.0000e-12     1.9450    201.003     67.827     44.342    26.0021    19.8813    1480.98 0.0000e+00
       1016 152.430286     44.893    10.3594  29.406689     0.2267 1.0000e-12     1.9414    201.085     67.843     44.480    25.9991    19.8800    1480.96 0.0000e+00
       1017 152.430289     45.031    10.3509  29.398951     0.2271 1.0000e-12     1.9377    201.184     67.863     44.616    25.9975    19.8802    1480.93 0.0000e+00
       1018 152.430292     45.169    10.3421  29.392928     0.2230 1.0000e-12     1.9348    201.627     68.000     44.753    25.9979    19.8818    1480.90 0.0000e+00
       1019 152.430295     45.306    10.3342  29.388993     0.2217 1.0000e-12     1.9329    202.315     68.220     44.889    25.9996    19.8844    1480.87 0.0000e+00
       1020 152.430298     45.444    10.3279  29.387085     0.2308 1.0000e-12     1.9312    203.088     68.473     45.026    26.0022    19.8874    1480.85 0.0000e+00
       1021 152.430301     45.583    10.3234  29.386725     0.2238 1.0000e-12     1.9299    204.044     68.789     45.163    26.0050    19.8903    1480.84 0.0000e+00
       1022 152.430304     45.721    10.3206  29.387377     0.2246 1.0000e-12     1.9306    205.306     69.212     45.300    26.0076    19.8927    1480.84 0.0000e+00
       1023 152.430307     45.860    10.3190  29.388841     0.2312 1.0000e-12     1.9318    206.554     69.631     45.438    26.0101    19.8949    1480.84 0.0000e+00
       1024 152.430310     45.999    10.3185  29.391386     0.2279 1.0000e-12     1.9333    207.713     70.022     45.575    26.0129    19.8972    1480.84 0.0000e+00
       1025 152.430313     46.138    10.3189  29.395875     0.2238 1.0000e-12     1.9363    208.856     70.410     45.713    26.0170    19.9003    1480.85 0.0000e+00
       1026 152.430315     46.276    10.3207  29.403490     0.2238 1.0000e-12     1.9399    209.728     70.710     45.850    26.0231    19.9047    1480.87 0.0000e+00
       1027 152.430318     46.415    10.3246  29.414998     0.2238 1.0000e-12     1.9432    210.342     70.926     45.987    26.0315    19.9107    1480.89 0.0000e+00
       1028 152.430321     46.554    10.3315  29.430557     0.2234 1.0000e-12     1.9463    210.597     71.028     46.125    26.0417    19.9175    1480.93 0.0000e+00
       1029 152.430324     46.693    10.3420  29.449170     0.2366 1.0000e-12     1.9493    210.509     71.019     46.263    26.0523    19.9242    1480.99 0.0000e+00
       1030 152.430327     46.833    10.3558  29.468498     0.2337 1.0000e-12     1.9517    210.178     70.933     46.402    26.0612    19.9290    1481.05 0.0000e+00
       1031 152.430330     46.973    10.3719  29.485964     0.2407 1.0000e-12     1.9541    209.893     70.865     46.540    26.0667    19.9307    1481.12 0.0000e+00
       1032 152.430333     47.114    10.3884  29.500050     0.2440 1.0000e-12     1.9551    209.359     70.711     46.680    26.0686    19.9296    1481.18 0.0000e+00
       1033 152.430336     47.254    10.4034  29.510759     0.2498 1.0000e-12     1.9557    208.717     70.517     46.819    26.0682    19.9270    1481.24 0.0000e+00
       1034 152.430339     47.394    10.4159  29.518844     0.2481 1.0000e-12     1.9560    208.052     70.311     46.957    26.0671    19.9242    1481.29 0.0000e+00
       1035 152.430341     47.535    10.4257  29.525209     0.2485 1.0000e-12     1.9570    207.505     70.141     47.097    26.0663    19.9220    1481.32 0.0000e+00
       1036 152.430344     47.676    10.4331  29.530587     0.2502 1.0000e-12     1.9566    206.828     69.924     47.237    26.0662    19.9208    1481.35 0.0000e+00
       1037 152.430347     47.817    10.4386  29.534915     0.2601 1.0000e-12     1.9554    205.913     69.623     47.376    26.0664    19.9201    1481.37 0.0000e+00
       1038 152.430350     47.959    10.4424  29.537475     0.2539 1.0000e-12     1.9540    204.874     69.277     47.517    26.0661    19.9193    1481.39 0.0000e+00
       1039 152.430353     48.101    10.4444  29.538273     0.2493 1.0000e-12     1.9522    203.780     68.910     47.658    26.0654    19.9184    1481.40 0.0000e+00
       1040 152.430356     48.243    10.4444  29.537960     0.2473 1.0000e-12     1.9500    202.743     68.559     47.798    26.0651    19.9182    1481.40 0.0000e+00
       1041 152.430359     48.385    10.4430  29.536484     0.2423 1.0000e-12     1.9463    201.585     68.165     47.939    26.0646    19.9180    1481.40 0.0000e+00
       1042 152.430362     48.526    10.4404  29.533752     0.2390 1.0000e-12     1.9422    200.498     67.794     48.079    26.0637    19.9178    1481.39 0.0000e+00
       1043 152.430365     48.667    10.4366  29.530900     0.2432 1.0000e-12     1.9384    199.750     67.535     48.218    26.0636    19.9183    1481.38 0.0000e+00
       1044 152.430367     48.808    10.4318  29.529611     0.2403 1.0000e-12     1.9339    199.265     67.365     48.358    26.0657    19.9207    1481.36 0.0000e+00
       1045 152.430370     48.948    10.4273  29.530520     0.2444 1.0000e-12     1.9296    199.160     67.324     48.497    26.0698    19.9245    1481.36 0.0000e+00
       1046 152.430373     49.089    10.4240  29.532670     0.2436 1.0000e-12     1.9257    199.292     67.366     48.637    26.0742    19.9285    1481.35 0.0000e+00
       1047 152.430376     49.230    10.4220  29.534407     0.2428 1.0000e-12     1.9232    199.757     67.521     48.776    26.0773    19.9312    1481.35 0.0000e+00
       1048 152.430379     49.371    10.4205  29.534452     0.2473 1.0000e-12     1.9217    200.614     67.810     48.916    26.0783    19.9322    1481.35 0.0000e+00
       1049 152.430382     49.512    10.4183  29.533707     0.2432 1.0000e-12     1.9207    201.503     68.107     49.056    26.0791    19.9332    1481.34 0.0000e+00
       1050 152.430385     49.652    10.4154  29.535118     0.2403 1.0000e-12     1.9200    202.487     68.437     49.194    26.0825    19.9363    1481.34 0.0000e+00
       1051 152.430388     49.792    10.4132  29.540340     0.2428 1.0000e-12     1.9200    203.401     68.745     49.333    26.0891    19.9418    1481.34 0.0000e+00
       1052 152.430391     49.932    10.4137  29.549457     0.2514 1.0000e-12     1.9219    204.513     69.125     49.472    26.0976    19.9483    1481.36 0.0000e+00
       1053 152.430394     50.071    10.4178  29.562736     0.2572 1.0000e-12     1.9229    205.242     69.383     49.609    26.1076    19.9554    1481.38 0.0000e+00
       1054 152.430396     50.210    10.4257  29.579256     0.2539 1.0000e-12     1.9261    206.131     69.700     49.747    26.1179    19.9622    1481.43 0.0000e+00
       1055 152.430399     50.349    10.4373  29.595660     0.2592 1.0000e-12     1.9283    206.544     69.861     49.885    26.1256    19.9663    1481.48 0.0000e+00
       1056 152.430402     50.489    10.4507  29.609286     0.2629 1.0000e-12     1.9314    206.865     69.991     50.023    26.1292    19.9671    1481.54 0.0000e+00
       1057 152.430405     50.628    10.4638  29.621288     0.2765 1.0000e-12     1.9328    206.855     70.009     50.161    26.1314    19.9668    1481.59 0.0000e+00
       1058 152.430408     50.767    10.4757  29.633905     0.2745 1.0000e-12     1.9353    206.797     70.010     50.299    26.1351    19.9678    1481.64 0.0000e+00
       1059 152.430411     50.906    10.4872  29.647112     0.2753 1.0000e-12     1.9364    206.530     69.939     50.437    26.1397    19.9695    1481.69 0.0000e+00
       1060 152.430414     51.045    10.4987  29.660733     0.2753 1.0000e-12     1.9381    206.276     69.873     50.574    26.1447    19.9716    1481.74 0.0000e+00
       1061 152.430417     51.183    10.5104  29.674348     0.2864 1.0000e-12     1.9393    206.011     69.803     50.711    26.1495    19.9735    1481.79 0.0000e+00
       1062 152.430420     51.322    10.5219  29.684159     0.2827 1.0000e-12     1.9401    205.683     69.710     50.849    26.1507    19.9727    1481.84 0.0000e+00
       1063 152.430422     51.461    10.5318  29.687560     0.2827 1.0000e-12     1.9403    205.523     69.669     50.986    26.1469    19.9681    1481.87 0.0000e+00
       1064 152.430425     51.600    10.5376  29.686895     0.2794 1.0000e-12     1.9403    205.459     69.654     51.124    26.1421    19.9635    1481.89 0.0000e+00
       1065 152.430428     51.739    10.5392  29.685192     0.2761 1.0000e-12     1.9401    205.615     69.708     51.262    26.1392    19.9610    1481.89 0.0000e+00
       1066 152.430431     51.877    10.5381  29.683723     0.2856 1.0000e-12     1.9404    205.990     69.833     51.398    26.1385    19.9606    1481.89 0.0000e+00
       1067 152.430434     52.016    10.5360  29.683118     0.2745 1.0000e-12     1.9418    206.759     70.091     51.536    26.1394    19.9616    1481.89 0.0000e+00
       1068 152.430437     52.155    10.5340  29.683631     0.2741 1.0000e-12     1.9432    207.428     70.316     51.674    26.1413    19.9634    1481.88 0.0000e+00
       1069 152.430440     52.294    10.5327  29.685526     0.2687 1.0000e-12     1.9453    207.975     70.501     51.812    26.1440    19.9657    1481.88 0.0000e+00
       1070 152.430443     52.433    10.5326  29.689652     0.2794 1.0000e-12     1.9471    208.437     70.659     51.949    26.1480    19.9689    1481.89 0.0000e+00
       1071 152.430446     52.573    10.5343  29.697147     0.2691 1.0000e-12     1.9506    208.921     70.828     52.088    26.1540    19.9733    1481.91 0.0000e+00
