CTD_data_day2/sbe55_sbe19p_5262_20260601_re5_1m.cnv
* Sea-Bird SBE 19plus Data File:
* FileName = C:\Data\sbe55_sbe19p_5262\2026-06-01\sbe55_sbe19p_5262_20260601_re5069.hex
* Software Version SeatermAF 2.1.4
* Temperature SN = 5262
* Conductivity SN = 5262
* System UpLoad Time = Jun 01 2026 09:59:08 (localtime) = Jun 01 2026 09:59:08 (UTC)
* ds
* SeacatPlus V 1.6b  SERIAL NO. 5262    01 Jun 2026  09:58:16
# nquan = 15
# nvalues = 289                         
# units = specified
# name 0 = scan: Scan Count
# name 1 = timeJ: Julian Days
# name 2 = prdM: Pressure, Strain Gauge [db]
# name 3 = tv290C: Temperature [ITS-90, deg C]
# name 4 = c0mS/cm: Conductivity [mS/cm]
# name 5 = wetStar: Fluorescence, WET Labs WETstar [mg/m^3]
# name 6 = par: PAR/Irradiance, Biospherical/Licor [umol photons/m^2/sec]
# name 7 = sbeox0V: Oxygen raw, SBE 43 [V]
# name 8 = sbeox0Mm/L: Oxygen, SBE 43 [umol/l], WS = 2
# name 9 = sbeox0PS: Oxygen, SBE 43 [% saturation], WS = 2
# name 10 = depSM: Depth [salt water, m], lat = 56
# name 11 = sal00: Salinity, Practical [PSU]
# name 12 = sigma-é00: Density [sigma-theta, kg/m^3]
# name 13 = svCM: Sound Velocity [Chen-Millero, m/s]
# name 14 = flag: flag
# span 0 =        395,       2591       
# span 1 = 152.393905, 152.400262       
# span 2 =      1.000,    145.000       
# span 3 =    10.2275,    13.0590       
# span 4 =  22.508864,  31.292816       
# span 5 =     0.2511,     4.7445       
# span 6 = -1.008e-04, 1.7517e+02       
# span 7 =     1.0729,     2.2441       
# span 8 =     78.192,    243.169       
# span 9 =     27.207,     82.470       
# span 10 =      0.991,    143.630      
# span 11 =    18.0367,    26.9616      
# span 12 =    13.2831,    20.4447      
# span 13 =    1479.44,    1487.85      
# span 14 = 0.0000e+00, 0.0000e+00      
# interval = decibars: 1                
# start_time = Jun 01 2026 09:25:35 [Instrument's time stamp, header]
# bad_flag = -9.990e-29
*END*
        395 152.393905      1.000    13.0590  22.508864     4.7445 1.0327e+02     2.2441    239.822     81.589      0.991    18.0367    13.2831    1480.40 0.0000e+00
        407 152.393940      2.000    12.2028  25.814422     3.9591 3.7914e+01     2.1922    232.639     79.385      1.982    21.4493    16.0578    1481.44 0.0000e+00
        418 152.393972      3.000    11.7486  26.810020     3.3973 1.7661e+01     2.1341    222.219     75.648      2.973    22.6297    17.0450    1481.24 0.0000e+00
        429 152.394004      4.000    11.1044  27.812870     3.0461 1.0221e+01     2.0748    218.362     73.927      3.964    23.9742    18.1900    1480.56 0.0000e+00
        439 152.394034      5.000    10.8697  28.193863     2.2601 6.5147e+00     2.0606    222.786     75.285      4.954    24.4897    18.6271    1480.34 0.0000e+00
        448 152.394061      6.000    10.9519  28.728771     1.6608 4.3671e+00     2.0807    226.405     76.867      5.945    24.9454    18.9677    1481.20 0.0000e+00
        457 152.394084      7.000    11.1197  29.169012     1.3954 2.9473e+00     2.0903    223.555     76.326      6.936    25.2515    19.1782    1482.19 0.0000e+00
        464 152.394107      8.000    11.0671  29.177825     1.2588 2.0346e+00     2.0861    222.071     75.754      7.927    25.2956    19.2210    1482.07 0.0000e+00
        472 152.394129      9.000    10.9706  29.124859     1.1609 1.3923e+00     2.0787    221.082     75.265      8.918    25.3109    19.2484    1481.76 0.0000e+00
        480 152.394151     10.000    10.9238  29.088278     1.0970 9.6259e-01     2.0696    220.210     74.890      9.909    25.3077    19.2535    1481.60 0.0000e+00
        487 152.394173     11.000    10.8374  29.090143     0.9759 6.7395e-01     2.0662    221.408     75.185     10.900    25.3688    19.3146    1481.38 0.0000e+00
        495 152.394195     12.000    10.7896  29.156762     0.9265 4.6591e-01     2.0669    221.322     75.123     11.890    25.4656    19.3975    1481.34 0.0000e+00
        502 152.394217     13.000    10.8500  29.217341     0.9604 3.2313e-01     2.0589    217.735     74.011     12.881    25.4817    19.4003    1481.59 0.0000e+00
        510 152.394239     14.000    10.7371  29.082895     0.7863 2.1671e-01     2.0409    214.973     72.868     13.872    25.4302    19.3782    1481.14 0.0000e+00
        518 152.394261     15.000    10.4738  28.900695     0.4800 1.4422e-01     2.0246    214.927     72.436     14.863    25.4369    19.4247    1480.21 0.0000e+00
        525 152.394283     16.000    10.3056  28.826832     0.3245 8.9347e-02     2.0158    216.252     72.633     15.854    25.4821    19.4860    1479.66 0.0000e+00
        533 152.394304     17.000    10.2275  28.812659     0.2657 4.9302e-02     2.0193    219.235     73.528     16.845    25.5228    19.5295    1479.44 0.0000e+00
        540 152.394326     18.000    10.2674  28.958337     0.2987 2.2822e-02     2.0298    220.637     74.117     17.835    25.6365    19.6118    1479.74 0.0000e+00
        548 152.394348     19.000    10.4402  29.141713     0.4169 2.4667e-03     2.0357    219.471     74.033     18.826    25.6930    19.6291    1480.46 0.0000e+00
        555 152.394370     20.000    10.4766  29.176314     0.3990 -1.008e-04     2.0390    219.702     74.174     19.817    25.7006    19.6294    1480.61 0.0000e+00
        563 152.394391     21.000    10.4834  29.237278     0.3914 3.6864e-06     2.0420    219.927     74.286     20.808    25.7547    19.6703    1480.72 0.0000e+00
        570 152.394412     22.000    10.5334  29.323155     0.3992 1.6281e-05     2.0423    218.936     74.056     21.799    25.8024    19.6996    1480.98 0.0000e+00
        577 152.394432     23.000    10.5557  29.355176     0.3765 1.7339e-05     2.0416    219.301     74.223     22.789    25.8173    19.7077    1481.09 0.0000e+00
        583 152.394451     24.000    10.4975  29.330068     0.3268 1.4564e-05     2.0441    220.159     74.426     23.780    25.8337    19.7296    1480.92 0.0000e+00
        590 152.394471     25.000    10.5397  29.424362     0.3519 1.0395e-05     2.0451    219.416     74.272     24.771    25.8950    19.7707    1481.16 0.0000e+00
        597 152.394492     26.000    10.5882  29.474221     0.3663 1.0505e-05     2.0445    219.236     74.297     25.762    25.9087    19.7736    1481.37 0.0000e+00
        604 152.394511     27.000    10.6023  29.504215     0.3624 1.4853e-05     2.0441    218.748     74.163     26.753    25.9274    19.7861    1481.46 0.0000e+00
        611 152.394531     28.000    10.6176  29.551412     0.3769 6.5558e-06     2.0403    217.286     73.709     27.743    25.9619    19.8105    1481.57 0.0000e+00
        618 152.394550     29.000    10.6095  29.533865     0.3562 7.4215e-06     2.0339    216.713     73.496     28.734    25.9503    19.8027    1481.55 0.0000e+00
        624 152.394570     30.000    10.5290  29.461555     0.3099 1.0684e-05     2.0322    218.007     73.798     29.725    25.9370    19.8050    1481.26 0.0000e+00
        631 152.394589     31.000    10.5213  29.518717     0.3263 2.1869e-08     2.0336    217.516     73.647     30.716    25.9976    19.8534    1481.32 0.0000e+00
        638 152.394609     32.000    10.5729  29.572119     0.3323 1.0194e-05     2.0247    213.626     72.419     31.706    26.0124    19.8568    1481.54 0.0000e+00
        644 152.394628     33.000    10.5229  29.506748     0.2847 2.4950e-06     2.0087    211.478     71.600     32.697    25.9841    19.8427    1481.34 0.0000e+00
        651 152.394647     34.000    10.4406  29.456105     0.2632 8.4715e-06     1.9952    210.282     71.070     33.688    25.9931    19.8626    1481.07 0.0000e+00
        658 152.394666     35.000    10.4145  29.449420     0.2511 9.7897e-06     1.9852    210.668     71.165     34.678    26.0050    19.8759    1481.00 0.0000e+00
        664 152.394686     36.000    10.4130  29.468376     0.2581 1.7502e-06     1.9869    213.221     72.034     35.669    26.0241    19.8910    1481.04 0.0000e+00
        671 152.394705     37.000    10.4769  29.559612     0.3028 2.0750e-06     1.9937    213.397     72.214     36.660    26.0669    19.9143    1481.34 0.0000e+00
        678 152.394724     38.000    10.5444  29.609836     0.3200 4.1263e-06     1.9963    213.249     72.272     37.651    26.0672    19.9039    1481.60 0.0000e+00
        684 152.394744     39.000    10.5443  29.607805     0.3113 4.9164e-06     2.0012    214.692     72.760     38.642    26.0649    19.9022    1481.61 0.0000e+00
        691 152.394763     40.000    10.5709  29.654925     0.3366 -1.155e-07     2.0079    215.302     73.021     39.632    26.0913    19.9186    1481.76 0.0000e+00
        698 152.394783     41.000    10.6185  29.698063     0.3671 6.2280e-06     2.0119    215.158     73.052     40.623    26.0989    19.9170    1481.96 0.0000e+00
        705 152.394802     42.000    10.6504  29.747036     0.4081 1.2435e-05     2.0141    214.841     73.006     41.614    26.1232    19.9308    1482.12 0.0000e+00
        711 152.394822     43.000    10.7016  29.799928     0.4386 5.9252e-06     2.0142    214.374     72.936     42.604    26.1375    19.9338    1482.34 0.0000e+00
        718 152.394842     44.000    10.7174  29.819495     0.4581 6.2911e-06     2.0139    214.313     72.944     43.595    26.1448    19.9370    1482.42 0.0000e+00
        725 152.394861     45.000    10.7279  29.837018     0.4590 6.2239e-06     2.0123    213.271     72.610     44.586    26.1540    19.9424    1482.49 0.0000e+00
        732 152.394881     46.000    10.7408  29.851162     0.4532 6.2250e-06     2.0059    211.785     72.127     45.576    26.1580    19.9435    1482.55 0.0000e+00
        739 152.394902     47.000    10.7199  29.848962     0.4142 2.0293e-06     1.9983    210.462     71.649     46.567    26.1705    19.9565    1482.51 0.0000e+00
        746 152.394922     48.000    10.6994  29.827964     0.3896 8.4265e-06     1.9896    209.419     71.259     47.558    26.1644    19.9551    1482.44 0.0000e+00
        753 152.394943     49.000    10.6621  29.802129     0.3549 1.7291e-05     1.9818    208.892     71.022     48.548    26.1657    19.9621    1482.32 0.0000e+00
        760 152.394963     50.000    10.6538  29.808839     0.3440 -8.161e-07     1.9772    209.007     71.054     49.539    26.1778    19.9728    1482.33 0.0000e+00
        767 152.394984     51.000    10.6620  29.823154     0.3575 8.7391e-06     1.9766    209.985     71.403     50.530    26.1855    19.9775    1482.38 0.0000e+00
        774 152.395004     52.000    10.6965  29.876291     0.4020 3.9821e-06     1.9882    214.732     73.084     51.520    26.2119    19.9925    1482.56 0.0000e+00
        781 152.395024     53.000    10.8070  30.011811     0.5416 1.0713e-05     2.0084    216.010     73.721     52.511    26.2635    20.0150    1483.03 0.0000e+00
        788 152.395044     54.000    10.8984  30.079909     0.6027 6.2212e-06     2.0156    213.975     73.173     53.502    26.2635    20.0002    1483.38 0.0000e+00
        795 152.395063     55.000    10.9099  30.102462     0.6121 4.1770e-06     2.0124    212.483     72.686     54.492    26.2766    20.0086    1483.45 0.0000e+00
        802 152.395083     56.000    10.9127  30.118700     0.6069 2.1753e-06     2.0076    211.268     72.281     55.483    26.2899    20.0185    1483.50 0.0000e+00
        808 152.395102     57.000    10.9185  30.142643     0.6209 9.7176e-06     1.9984    209.303     71.627     56.474    26.3085    20.0320    1483.55 0.0000e+00
        815 152.395123     58.000    10.9305  30.167706     0.6189 6.1883e-06     1.9903    208.989     71.545     57.464    26.3237    20.0419    1483.63 0.0000e+00
        822 152.395143     59.000    10.9337  30.173465     0.6116 4.1430e-06     1.9854    208.187     71.276     58.455    26.3266    20.0436    1483.66 0.0000e+00
        829 152.395163     60.000    10.9464  30.197648     0.6367 4.2161e-06     1.9773    206.285     70.652     59.445    26.3404    20.0523    1483.74 0.0000e+00
        836 152.395183     61.000    10.9612  30.219014     0.6421 1.9952e-06     1.9648    203.428     69.699     60.436    26.3501    20.0574    1483.82 0.0000e+00
        843 152.395203     62.000    10.9551  30.221496     0.6173 4.3094e-06     1.9489    201.396     68.997     61.427    26.3564    20.0633    1483.83 0.0000e+00
        850 152.395224     63.000    10.9414  30.217305     0.5916 4.2161e-06     1.9375    200.648     68.722     62.417    26.3619    20.0699    1483.80 0.0000e+00
        857 152.395244     64.000    10.9375  30.219208     0.5825 -2.384e-07     1.9279    199.597     68.358     63.408    26.3661    20.0738    1483.81 0.0000e+00
        864 152.395265     65.000    10.9313  30.216788     0.5743 1.8101e-06     1.9235    200.890     68.793     64.398    26.3679    20.0762    1483.81 0.0000e+00
        872 152.395285     66.000    10.9416  30.243416     0.6007 8.5075e-08     1.9297    202.897     69.504     65.389    26.3858    20.0884    1483.88 0.0000e+00
        879 152.395306     67.000    10.9725  30.278062     0.6342 1.0000e-12     1.9367    203.069     69.614     66.380    26.3966    20.0918    1484.02 0.0000e+00
        886 152.395327     68.000    10.9964  30.302920     0.6540 1.0000e-12     1.9346    199.888     68.562     67.370    26.4030    20.0929    1484.13 0.0000e+00
        893 152.395348     69.000    10.9926  30.310085     0.6301 1.0000e-12     1.9131    191.542     65.698     68.361    26.4124    20.1008    1484.14 0.0000e+00
        900 152.395369     70.000    10.9866  30.342052     0.5998 1.0000e-12     1.8425    172.226     59.077     69.351    26.4471    20.1288    1484.18 0.0000e+00
        908 152.395390     71.000    10.9924  30.413364     0.5124 1.0000e-12     1.7533    162.070     55.623     70.342    26.5111    20.1776    1484.29 0.0000e+00
        915 152.395411     72.000    11.0060  30.451961     0.4789 1.0000e-12     1.6913    157.714     54.154     71.332    26.5381    20.1963    1484.39 0.0000e+00
        922 152.395432     73.000    11.0058  30.459246     0.4553 1.0000e-12     1.6442    151.382     51.982     72.323    26.5449    20.2016    1484.42 0.0000e+00
        930 152.395453     74.000    11.0058  30.478627     0.4291 1.0000e-12     1.5808    136.555     46.896     73.313    26.5632    20.2158    1484.45 0.0000e+00
        937 152.395475     75.000    11.0135  30.525948     0.3847 1.0000e-12     1.4755    114.253     39.253     74.304    26.6028    20.2454    1484.55 0.0000e+00
        945 152.395497     76.000    11.0383  30.624815     0.3222 1.0000e-12     1.3576    101.436     34.885     75.294    26.6796    20.3009    1484.74 0.0000e+00
        952 152.395518     77.000    11.1106  30.744645     0.3081 1.0000e-12     1.2799     97.486     33.593     76.285    26.7421    20.3376    1485.09 0.0000e+00
        959 152.395539     78.000    11.1334  30.765810     0.2932 1.0000e-12     1.2371     96.203     33.168     77.276    26.7455    20.3365    1485.20 0.0000e+00
        967 152.395561     79.000    11.1423  30.785010     0.2928 1.0000e-12     1.2130     94.933     32.739     78.266    26.7572    20.3441    1485.26 0.0000e+00
        974 152.395582     80.000    11.1630  30.816021     0.2902 1.0000e-12     1.1976     93.883     32.395     79.257    26.7716    20.3519    1485.37 0.0000e+00
        982 152.395604     81.000    11.1783  30.838301     0.2888 1.0000e-12     1.1862     92.261     31.847     80.247    26.7815    20.3570    1485.45 0.0000e+00
        989 152.395625     82.000    11.2088  30.895480     0.2898 1.0000e-12     1.1740     90.710     31.339     81.238    26.8138    20.3771    1485.61 0.0000e+00
        996 152.395646     83.000    11.2549  30.951476     0.2946 1.0000e-12     1.1646     89.787     31.055     82.228    26.8337    20.3848    1485.82 0.0000e+00
       1003 152.395667     84.000    11.2747  30.973852     0.2929 1.0000e-12     1.1584     89.299     30.901     83.219    26.8404    20.3867    1485.91 0.0000e+00
       1011 152.395688     85.000    11.2872  30.989985     0.2932 1.0000e-12     1.1532     88.741     30.717     84.209    26.8464    20.3893    1485.98 0.0000e+00
       1018 152.395710     86.000    11.2959  31.000177     0.2961 1.0000e-12     1.1489     88.109     30.505     85.200    26.8495    20.3903    1486.03 0.0000e+00
       1025 152.395730     87.000    11.3026  31.010892     0.2954 1.0000e-12     1.1443     87.471     30.289     86.190    26.8545    20.3931    1486.08 0.0000e+00
       1033 152.395751     88.000    11.3126  31.027497     0.2984 1.0000e-12     1.1404     87.113     30.174     87.181    26.8628    20.3979    1486.14 0.0000e+00
       1040 152.395772     89.000    11.3292  31.052255     0.2929 1.0000e-12     1.1378     86.925     30.121     88.171    26.8741    20.4039    1486.23 0.0000e+00
       1047 152.395793     90.000    11.3426  31.067349     0.2959 1.0000e-12     1.1361     86.739     30.066     89.162    26.8784    20.4050    1486.30 0.0000e+00
       1054 152.395814     91.000    11.3492  31.077764     0.2961 1.0000e-12     1.1340     86.242     29.899     90.152    26.8832    20.4077    1486.34 0.0000e+00
       1062 152.395836     92.000    11.3646  31.100632     0.2982 1.0000e-12     1.1308     85.702     29.724     91.142    26.8935    20.4131    1486.43 0.0000e+00
       1069 152.395857     93.000    11.3756  31.112909     0.2992 1.0000e-12     1.1277     85.326     29.601     92.133    26.8970    20.4139    1486.49 0.0000e+00
       1077 152.395879     94.000    11.3813  31.120891     0.3002 1.0000e-12     1.1249     84.874     29.449     93.123    26.9000    20.4154    1486.53 0.0000e+00
       1084 152.395901     95.000    11.3891  31.131736     0.3020 1.0000e-12     1.1219     84.513     29.328     94.114    26.9044    20.4175    1486.58 0.0000e+00
       1092 152.395923     96.000    11.3938  31.136626     0.3020 1.0000e-12     1.1197     84.388     29.289     95.104    26.9053    20.4174    1486.61 0.0000e+00
