CTD_data_day2/sbe55_sbe19p_5262_20260601_re4_1m.cnv
* Sea-Bird SBE 19plus Data File:
* FileName = C:\Data\sbe55_sbe19p_5262\2026-06-01\sbe55_sbe19p_5262_20260601_re4070.hex
* Software Version SeatermAF 2.1.4
* Temperature SN = 5262
* Conductivity SN = 5262
* System UpLoad Time = Jun 01 2026 10:54:12 (localtime) = Jun 01 2026 10:54:12 (UTC)
* ds
* SeacatPlus V 1.6b  SERIAL NO. 5262    01 Jun 2026  10:53:41
# nquan = 15
# nvalues = 243                         
# units = specified
# name 0 = scan: Scan Count
# name 1 = timeJ: Julian Days
# name 2 = prdM: Pressure, Strain Gauge [db]
# name 3 = tv290C: Temperature [ITS-90, deg C]
# name 4 = c0mS/cm: Conductivity [mS/cm]
# name 5 = wetStar: Fluorescence, WET Labs WETstar [mg/m^3]
# name 6 = par: PAR/Irradiance, Biospherical/Licor [umol photons/m^2/sec]
# name 7 = sbeox0V: Oxygen raw, SBE 43 [V]
# name 8 = sbeox0Mm/L: Oxygen, SBE 43 [umol/l], WS = 2
# name 9 = sbeox0PS: Oxygen, SBE 43 [% saturation], WS = 2
# name 10 = depSM: Depth [salt water, m], lat = 56
# name 11 = sal00: Salinity, Practical [PSU]
# name 12 = sigma-é00: Density [sigma-theta, kg/m^3]
# name 13 = svCM: Sound Velocity [Chen-Millero, m/s]
# name 14 = flag: flag
# span 0 =        708,       2509       
# span 1 = 152.429396, 152.434608       
# span 2 =      1.000,    122.000       
# span 3 =    10.0811,    12.9560       
# span 4 =  25.328823,  31.241468       
# span 5 =     0.1982,     5.7586       
# span 6 = -2.572e-02, 1.9738e+02       
# span 7 =     1.0869,     2.2520       
# span 8 =     80.158,    238.914       
# span 9 =     27.870,     82.400       
# span 10 =      0.991,    120.854      
# span 11 =    20.5832,    26.9443      
# span 12 =    15.2625,    20.4364      
# span 13 =    1478.41,    1487.34      
# span 14 = 0.0000e+00, 0.0000e+00      
# interval = decibars: 1                
# start_time = Jun 01 2026 10:15:23 [Instrument's time stamp, header]
# bad_flag = -9.990e-29
*END*
        708 152.429396      1.000    12.9560  25.328823     4.2152 1.5505e+02     2.2520    238.914     82.400      0.991    20.5832    15.2625    1483.04 0.0000e+00
        720 152.429431      2.000    12.3063  26.516641     5.0677 7.5763e+01     2.1844    226.958     77.902      1.982    22.0267    16.4865    1482.48 0.0000e+00
        729 152.429455      3.000    11.4894  27.365038     5.7586 4.6357e+01     2.1289    221.962     75.459      2.973    23.3060    17.6104    1481.12 0.0000e+00
        736 152.429476      4.000    11.1090  27.870599     4.1527 2.7666e+01     2.0844    215.371     72.945      3.963    24.0246    18.2284    1480.63 0.0000e+00
        743 152.429496      5.000    10.9336  28.048402     2.9724 1.7755e+01     2.0314    206.938     69.947      4.954    24.3082    18.4762    1480.35 0.0000e+00
        750 152.429516      6.000    10.6166  27.858918     2.3676 1.1398e+01     1.9852    205.891     69.121      5.945    24.3365    18.5476    1479.25 0.0000e+00
        756 152.429535      7.000    10.3170  27.850710     1.7827 7.7663e+00     1.9711    210.716     70.363      6.936    24.5289    18.7430    1478.41 0.0000e+00
        763 152.429554      8.000    10.4306  28.161131     1.3098 5.3466e+00     1.9758    213.559     71.593      7.927    24.7523    18.8993    1479.11 0.0000e+00
        770 152.429573      9.000    10.4477  28.294793     0.9746 3.7422e+00     1.9939    217.560     73.016      8.918    24.8698    18.9880    1479.33 0.0000e+00
        776 152.429593     10.000    10.6233  28.659994     0.9486 2.6632e+00     2.0061    214.214     72.278      9.909    25.1022    19.1413    1480.27 0.0000e+00
        783 152.429612     11.000    10.6231  28.747731     0.7304 1.8774e+00     1.9943    208.597     70.421     10.900    25.1868    19.2071    1480.38 0.0000e+00
        790 152.429632     12.000    10.3670  28.585077     0.4730 1.3107e+00     1.9727    206.891     69.461     11.890    25.2056    19.2614    1479.49 0.0000e+00
        797 152.429652     13.000    10.1083  28.468431     0.3040 6.3784e-01     1.9622    210.097     70.164     12.881    25.2712    19.3519    1478.63 0.0000e+00
        803 152.429671     14.000    10.0811  28.543617     0.2579 -2.572e-02     1.9689    213.424     71.275     13.872    25.3634    19.4277    1478.66 0.0000e+00
        810 152.429691     15.000    10.1256  28.648418     0.2370 4.4132e-03     1.9808    214.983     71.899     14.863    25.4344    19.4762    1478.93 0.0000e+00
        817 152.429710     16.000    10.1589  28.750533     0.2196 2.9772e-03     1.9894    214.672     71.882     15.854    25.5106    19.5305    1479.16 0.0000e+00
        824 152.429730     17.000    10.1692  28.780879     0.2136 1.6811e-03     1.9931    215.391     72.150     16.844    25.5327    19.5461    1479.24 0.0000e+00
        831 152.429750     18.000    10.1690  28.810887     0.2064 6.8401e-04     2.0009    216.774     72.626     17.835    25.5617    19.5688    1479.29 0.0000e+00
        837 152.429770     19.000    10.1948  28.873000     0.2116 4.0327e-05     2.0071    217.050     72.780     18.826    25.6040    19.5977    1479.45 0.0000e+00
        844 152.429790     20.000    10.2284  28.919948     0.2277 -3.274e-06     2.0111    217.080     72.854     19.817    25.6258    19.6096    1479.62 0.0000e+00
        851 152.429809     21.000    10.2234  28.940964     0.2207 1.0000e-12     2.0140    217.331     72.942     20.808    25.6495    19.6288    1479.64 0.0000e+00
        858 152.429828     22.000    10.2297  28.969157     0.2143 1.0000e-12     2.0147    216.876     72.809     21.799    25.6722    19.6455    1479.71 0.0000e+00
        864 152.429848     23.000    10.2205  28.979989     0.2031 1.0000e-12     2.0140    216.577     72.702     22.789    25.6890    19.6600    1479.71 0.0000e+00
        871 152.429867     24.000    10.2075  28.994103     0.2017 1.0000e-12     2.0109    215.655     72.382     23.780    25.7116    19.6796    1479.71 0.0000e+00
        878 152.429886     25.000    10.2149  29.028901     0.2072 1.0000e-12     2.0081    215.719     72.429     24.771    25.7401    19.7006    1479.79 0.0000e+00
        885 152.429906     26.000    10.2229  29.055545     0.2014 1.0000e-12     2.0069    215.477     72.369     25.762    25.7600    19.7149    1479.86 0.0000e+00
        891 152.429926     27.000    10.2324  29.077878     0.2039 1.0000e-12     2.0045    215.032     72.242     26.752    25.7748    19.7249    1479.93 0.0000e+00
        898 152.429946     28.000    10.2370  29.101427     0.2062 1.0000e-12     2.0035    215.233     72.326     27.743    25.7942    19.7393    1479.98 0.0000e+00
        905 152.429966     29.000    10.2413  29.113735     0.2052 1.0000e-12     2.0038    215.313     72.364     28.734    25.8028    19.7454    1480.03 0.0000e+00
        912 152.429986     30.000    10.2465  29.122259     0.2050 1.0000e-12     2.0019    213.897     71.898     29.725    25.8070    19.7479    1480.07 0.0000e+00
        919 152.430006     31.000    10.2465  29.142196     0.2051 1.0000e-12     1.9923    210.950     70.916     30.716    25.8262    19.7629    1480.11 0.0000e+00
        926 152.430025     32.000    10.2332  29.145742     0.2042 1.0000e-12     1.9771    208.472     70.068     31.706    25.8388    19.7747    1480.09 0.0000e+00
        932 152.430045     33.000    10.2172  29.151271     0.2009 1.0000e-12     1.9663    209.415     70.368     32.697    25.8552    19.7899    1480.07 0.0000e+00
        939 152.430065     34.000    10.2225  29.183736     0.2052 1.0000e-12     1.9702    211.923     71.231     33.688    25.8828    19.8106    1480.13 0.0000e+00
        946 152.430085     35.000    10.2437  29.221077     0.2053 1.0000e-12     1.9767    212.620     71.509     34.679    25.9038    19.8237    1480.25 0.0000e+00
        953 152.430105     36.000    10.2667  29.259708     0.2081 1.0000e-12     1.9824    212.713     71.585     35.669    25.9249    19.8365    1480.38 0.0000e+00
        960 152.430125     37.000    10.2986  29.294050     0.2165 1.0000e-12     1.9806    210.288     70.824     36.660    25.9353    19.8398    1480.53 0.0000e+00
        967 152.430145     38.000    10.2860  29.285236     0.2126 1.0000e-12     1.9717    209.043     70.385     37.651    25.9354    19.8418    1480.50 0.0000e+00
        974 152.430166     39.000    10.2801  29.303934     0.2128 1.0000e-12     1.9662    208.897     70.337     38.641    25.9574    19.8598    1480.52 0.0000e+00
        981 152.430186     40.000    10.3034  29.340714     0.2272 1.0000e-12     1.9646    209.592     70.616     39.632    25.9764    19.8710    1480.64 0.0000e+00
        988 152.430206     41.000    10.3223  29.361223     0.2267 1.0000e-12     1.9671    210.207     70.855     40.623    25.9825    19.8729    1480.74 0.0000e+00
        995 152.430227     42.000    10.3343  29.379248     0.2247 1.0000e-12     1.9700    210.747     71.060     41.613    25.9913    19.8778    1480.81 0.0000e+00
       1002 152.430247     43.000    10.3458  29.401488     0.2306 1.0000e-12     1.9743    210.982     71.163     42.604    26.0044    19.8863    1480.88 0.0000e+00
       1010 152.430268     44.000    10.3716  29.431220     0.2336 1.0000e-12     1.9662    205.454     69.342     43.595    26.0146    19.8902    1481.00 0.0000e+00
       1017 152.430289     45.000    10.3511  29.402635     0.2257 1.0000e-12     1.9397    201.767     68.062     44.586    26.0010    19.8828    1480.93 0.0000e+00
       1024 152.430310     46.000    10.3208  29.395520     0.2256 1.0000e-12     1.9350    207.513     69.959     45.576    26.0153    19.8987    1480.85 0.0000e+00
       1031 152.430331     47.000    10.3741  29.482854     0.2398 1.0000e-12     1.9531    209.672     70.791     46.567    26.0621    19.9268    1481.12 0.0000e+00
       1038 152.430351     48.000    10.4415  29.536631     0.2507 1.0000e-12     1.9531    204.547     69.165     47.558    26.0659    19.9193    1481.39 0.0000e+00
       1045 152.430371     49.000    10.4284  29.532222     0.2426 1.0000e-12     1.9295    199.502     67.442     48.548    26.0706    19.9250    1481.36 0.0000e+00
       1052 152.430392     50.000    10.4240  29.563169     0.2514 1.0000e-12     1.9239    204.582     69.167     49.539    26.1035    19.9513    1481.40 0.0000e+00
       1060 152.430413     51.000    10.4953  29.654376     0.2779 1.0000e-12     1.9369    206.169     69.830     50.530    26.1409    19.9692    1481.72 0.0000e+00
       1067 152.430434     52.000    10.5351  29.684939     0.2769 1.0000e-12     1.9425    206.799     70.105     51.520    26.1418    19.9636    1481.88 0.0000e+00
       1074 152.430454     53.000    10.5620  29.737640     0.2996 1.0000e-12     1.9550    209.042     70.921     52.511    26.1734    19.9840    1482.04 0.0000e+00
       1081 152.430475     54.000    10.6200  29.794365     0.3175 1.0000e-12     1.9626    208.189     70.728     53.502    26.1865    19.9850    1482.28 0.0000e+00
       1088 152.430495     55.000    10.6546  29.837767     0.3376 1.0000e-12     1.9619    206.934     70.362     54.492    26.2035    19.9927    1482.44 0.0000e+00
       1095 152.430515     56.000    10.6768  29.865920     0.3603 1.0000e-12     1.9581    205.179     69.804     55.483    26.2145    19.9978    1482.55 0.0000e+00
       1102 152.430536     57.000    10.6940  29.896349     0.3679 1.0000e-12     1.9441    201.512     68.590     56.474    26.2314    20.0082    1482.65 0.0000e+00
       1109 152.430556     58.000    10.7038  29.931687     0.3657 1.0000e-12     1.9280    199.553     67.949     57.464    26.2582    20.0274    1482.73 0.0000e+00
       1117 152.430577     59.000    10.7308  29.978808     0.3906 1.0000e-12     1.9175    199.487     67.978     58.455    26.2841    20.0433    1482.88 0.0000e+00
       1124 152.430598     60.000    10.7713  30.026787     0.4306 1.0000e-12     1.9146    199.373     68.007     59.445    26.3011    20.0500    1483.07 0.0000e+00
       1131 152.430619     61.000    10.7890  30.039766     0.4414 1.0000e-12     1.9026    193.256     65.945     60.436    26.3005    20.0468    1483.15 0.0000e+00
       1138 152.430640     62.000    10.7694  30.016365     0.4103 1.0000e-12     1.8671    187.079     63.806     61.427    26.2916    20.0430    1483.08 0.0000e+00
       1146 152.430662     63.000    10.7296  29.999294     0.3865 1.0000e-12     1.8442    187.760     63.988     62.417    26.3033    20.0584    1482.96 0.0000e+00
       1153 152.430683     64.000    10.7361  30.019852     0.3933 1.0000e-12     1.8373    187.529     63.924     63.408    26.3182    20.0690    1483.02 0.0000e+00
       1160 152.430704     65.000    10.7591  30.054635     0.4050 1.0000e-12     1.8224    183.419     62.561     64.398    26.3350    20.0784    1483.14 0.0000e+00
       1168 152.430726     66.000    10.7793  30.099455     0.4058 1.0000e-12     1.7971    177.048     60.426     65.389    26.3634    20.0972    1483.27 0.0000e+00
       1175 152.430747     67.000    10.7982  30.138946     0.3867 1.0000e-12     1.7597    171.057     58.414     66.380    26.3877    20.1131    1483.38 0.0000e+00
       1183 152.430769     68.000    10.8035  30.156171     0.3818 1.0000e-12     1.7215    164.597     56.219     67.370    26.4001    20.1219    1483.43 0.0000e+00
       1190 152.430791     69.000    10.7918  30.153550     0.3571 1.0000e-12     1.6768    158.480     54.118     68.361    26.4057    20.1281    1483.41 0.0000e+00
       1198 152.430812     70.000    10.7836  30.158674     0.3448 1.0000e-12     1.6454    157.275     53.701     69.351    26.4162    20.1376    1483.41 0.0000e+00
       1205 152.430835     71.000    10.7830  30.159264     0.3411 1.0000e-12     1.6203    151.875     51.856     70.342    26.4168    20.1382    1483.43 0.0000e+00
       1213 152.430857     72.000    10.7648  30.147102     0.3300 1.0000e-12     1.5771    142.401     48.603     71.332    26.4178    20.1420    1483.38 0.0000e+00
       1221 152.430879     73.000    10.7622  30.173965     0.3118 1.0000e-12     1.5170    130.584     44.574     72.323    26.4453    20.1638    1483.42 0.0000e+00
       1228 152.430901     74.000    10.7811  30.234305     0.3025 1.0000e-12     1.4408    118.462     40.464     73.313    26.4897    20.1952    1483.56 0.0000e+00
       1236 152.430922     75.000    10.8131  30.295347     0.2966 1.0000e-12     1.3706    111.480     38.115     74.304    26.5252    20.2176    1483.73 0.0000e+00
       1243 152.430944     76.000    10.8324  30.327067     0.2957 1.0000e-12     1.3243    108.331     37.058     75.295    26.5415    20.2272    1483.84 0.0000e+00
       1251 152.430966     77.000    10.8476  30.359779     0.2958 1.0000e-12     1.2926    105.863     36.230     76.285    26.5618    20.2405    1483.93 0.0000e+00
       1258 152.430988     78.000    10.8826  30.413894     0.2949 1.0000e-12     1.2721    104.432     35.774     77.276    26.5884    20.2556    1484.11 0.0000e+00
       1266 152.431010     79.000    10.9137  30.466725     0.2944 1.0000e-12     1.2558    101.899     34.936     78.266    26.6165    20.2723    1484.27 0.0000e+00
       1273 152.431031     80.000    10.9686  30.554433     0.2971 1.0000e-12     1.2363     98.375     33.778     79.257    26.6609    20.2979    1484.54 0.0000e+00
       1280 152.431052     81.000    11.0356  30.650763     0.3018 1.0000e-12     1.2160     95.575     32.873     80.247    26.7048    20.3210    1484.85 0.0000e+00
       1288 152.431073     82.000    11.0970  30.733371     0.3057 1.0000e-12     1.1992     93.673     32.269     81.238    26.7394    20.3378    1485.12 0.0000e+00
       1295 152.431094     83.000    11.1447  30.798587     0.3062 1.0000e-12     1.1841     91.841     31.676     82.228    26.7671    20.3514    1485.34 0.0000e+00
       1303 152.431116     84.000    11.1895  30.862202     0.3086 1.0000e-12     1.1719     90.537     31.263     83.219    26.7953    20.3659    1485.56 0.0000e+00
       1310 152.431138     85.000    11.2247  30.904792     0.3121 1.0000e-12     1.1630     89.778     31.027     84.209    26.8102    20.3717    1485.72 0.0000e+00
       1318 152.431160     86.000    11.2463  30.933457     0.3089 1.0000e-12     1.1565     89.173     30.834     85.200    26.8216    20.3769    1485.82 0.0000e+00
       1326 152.431182     87.000    11.2612  30.952399     0.3139 1.0000e-12     1.1517     88.780     30.710     86.190    26.8286    20.3799    1485.90 0.0000e+00
       1333 152.431204     88.000    11.2745  30.970249     0.3124 1.0000e-12     1.1482     88.217     30.525     87.181    26.8357    20.3832    1485.97 0.0000e+00
       1341 152.431227     89.000    11.2876  30.990611     0.3106 1.0000e-12     1.1438     87.328     30.228     88.171    26.8453    20.3885    1486.05 0.0000e+00
       1349 152.431250     90.000    11.3073  31.023989     0.3118 1.0000e-12     1.1372     86.256     29.873     89.162    26.8626    20.3986    1486.15 0.0000e+00
       1357 152.431272     91.000    11.3388  31.064417     0.3127 1.0000e-12     1.1324     85.877     29.765     90.152    26.8780    20.4054    1486.30 0.0000e+00
       1364 152.431295     92.000    11.3504  31.077314     0.3134 1.0000e-12     1.1293     85.639     29.690     91.143    26.8815    20.4062    1486.36 0.0000e+00
       1372 152.431318     93.000    11.3635  31.099137     0.3152 1.0000e-12     1.1265     85.219     29.555     92.133    26.8925    20.4125    1486.44 0.0000e+00
       1380 152.431340     94.000    11.3768  31.114398     0.3163 1.0000e-12     1.1243     85.021     29.496     93.123    26.8971    20.4139    1486.51 0.0000e+00
       1388 152.431363     95.000    11.3834  31.122167     0.3116 1.0000e-12     1.1223     84.803     29.425     94.114    26.8994    20.4146    1486.55 0.0000e+00
       1396 152.431387     96.000    11.3856  31.124465     0.3137 1.0000e-12     1.1216     84.891     29.457     95.104    26.8996    20.4144    1486.58 0.0000e+00
