CTD_data_day2/sbe55_sbe19p_5262_20260601_re4.cnv
* Sea-Bird SBE 19plus Data File:
* FileName = C:\Data\sbe55_sbe19p_5262\2026-06-01\sbe55_sbe19p_5262_20260601_re4070.hex
* Software Version SeatermAF 2.1.4
* Temperature SN = 5262
* Conductivity SN = 5262
* System UpLoad Time = Jun 01 2026 10:54:12 (localtime) = Jun 01 2026 10:54:12 (UTC)
* ds
* SeacatPlus V 1.6b  SERIAL NO. 5262    01 Jun 2026  10:53:41
# nquan = 15                                
# nvalues = 2249                        
# units = specified
# name 0 = scan: Scan Count
# name 1 = timeJ: Julian Days
# name 2 = prdM: Pressure, Strain Gauge [db]
# name 3 = tv290C: Temperature [ITS-90, deg C]
# name 4 = c0mS/cm: Conductivity [mS/cm]
# name 5 = wetStar: Fluorescence, WET Labs WETstar [mg/m^3]
# name 6 = par: PAR/Irradiance, Biospherical/Licor [umol photons/m^2/sec]
# name 7 = sbeox0V: Oxygen raw, SBE 43 [V]
# name 8 = sbeox0Mm/L: Oxygen, SBE 43 [umol/l], WS = 2
# name 9 = sbeox0PS: Oxygen, SBE 43 [% saturation], WS = 2
# name 10 = depSM: Depth [salt water, m], lat = 56
# name 11 = sal00: Salinity, Practical [PSU]
# name 12 = sigma-é00: Density [sigma-theta, kg/m^3]
# name 13 = svCM: Sound Velocity [Chen-Millero, m/s]
# name 14 = flag: flag
# span 0 =        301,       2549       
# span 1 = 152.428218, 152.434722       
# span 2 =     -0.232,    121.849       
# span 3 =    10.0680,    13.0203       
# span 4 =   4.142507,  31.241540       
# span 5 =     0.1505,     6.9789       
# span 6 = 1.0000e-12, 1.0841e+03       
# span 7 =     1.0872,     2.2750       
# span 8 =     80.068,    247.794       
# span 9 =     27.839,     85.126       
# span 10 =     -0.230,    120.705      
# span 11 =     3.0341,    26.9450      
# span 12 =     1.9192,    20.4368      
# span 13 =    1456.87,    1487.34      
# span 14 = 0.0000e+00, 0.0000e+00      
# interval = seconds: 0.25
# start_time = Jun 01 2026 10:15:23 [Instrument's time stamp, header]
# bad_flag = -9.990e-29
*END*
[from data line 1446]
       1747 152.432402    106.158    11.4174  31.168714     0.3132 1.0000e-12     1.1098     83.447     28.979    105.165    26.9152    20.4213    1486.87 0.0000e+00
       1748 152.432405    106.028    11.4170  31.168310     0.3169 1.0000e-12     1.1092     83.437     28.975    105.036    26.9151    20.4213    1486.87 0.0000e+00
       1749 152.432407    105.898    11.4167  31.167915     0.3107 1.0000e-12     1.1096     83.489     28.993    104.907    26.9150    20.4213    1486.87 0.0000e+00
       1750 152.432410    105.769    11.4164  31.167545     0.3111 1.0000e-12     1.1095     83.619     29.038    104.780    26.9149    20.4213    1486.86 0.0000e+00
       1751 152.432413    105.639    11.4162  31.167194     0.3128 1.0000e-12     1.1098     83.659     29.051    104.651    26.9148    20.4212    1486.86 0.0000e+00
       1752 152.432416    105.509    11.4160  31.166766     0.3120 1.0000e-12     1.1098     83.669     29.055    104.522    26.9146    20.4210    1486.86 0.0000e+00
       1753 152.432419    105.379    11.4158  31.166233     0.3120 1.0000e-12     1.1114     83.776     29.092    104.393    26.9143    20.4208    1486.85 0.0000e+00
       1754 152.432422    105.250    11.4155  31.165651     0.3128 1.0000e-12     1.1118     83.740     29.079    104.266    26.9140    20.4206    1486.85 0.0000e+00
       1755 152.432425    105.120    11.4152  31.165068     0.3128 1.0000e-12     1.1108     83.478     28.988    104.137    26.9137    20.4205    1486.85 0.0000e+00
       1756 152.432428    104.990    11.4148  31.164521     0.3210 1.0000e-12     1.1108     83.380     28.953    104.008    26.9135    20.4204    1486.84 0.0000e+00
       1757 152.432431    104.860    11.4145  31.164023     0.3161 1.0000e-12     1.1103     83.248     28.907    103.879    26.9133    20.4203    1486.84 0.0000e+00
       1758 152.432433    104.729    11.4141  31.163537     0.3132 1.0000e-12     1.1104     83.303     28.926    103.750    26.9131    20.4202    1486.84 0.0000e+00
       1759 152.432436    104.599    11.4138  31.163024     0.3103 1.0000e-12     1.1104     83.404     28.961    103.621    26.9129    20.4201    1486.83 0.0000e+00
       1760 152.432439    104.469    11.4135  31.162438     0.3157 1.0000e-12     1.1105     83.498     28.993    103.492    26.9126    20.4199    1486.83 0.0000e+00
       1761 152.432442    104.340    11.4131  31.161712     0.3128 1.0000e-12     1.1111     83.670     29.053    103.364    26.9123    20.4197    1486.82 0.0000e+00
       1762 152.432445    104.210    11.4127  31.160821     0.3194 1.0000e-12     1.1106     83.633     29.040    103.236    26.9118    20.4194    1486.82 0.0000e+00
       1763 152.432448    104.081    11.4122  31.159846     0.3239 1.0000e-12     1.1106     83.657     29.047    103.108    26.9112    20.4191    1486.82 0.0000e+00
       1764 152.432451    103.951    11.4116  31.158933     0.3227 1.0000e-12     1.1113     83.776     29.088    102.979    26.9108    20.4189    1486.81 0.0000e+00
       1765 152.432454    103.822    11.4110  31.158139     0.3107 1.0000e-12     1.1115     83.815     29.101    102.851    26.9106    20.4187    1486.81 0.0000e+00
       1766 152.432457    103.693    11.4104  31.157424     0.3128 1.0000e-12     1.1117     83.871     29.121    102.724    26.9104    20.4187    1486.80 0.0000e+00
       1767 152.432459    103.564    11.4099  31.156678     0.3169 1.0000e-12     1.1118     83.879     29.123    102.596    26.9101    20.4185    1486.80 0.0000e+00
       1768 152.432462    103.436    11.4094  31.155811     0.3165 1.0000e-12     1.1121     83.921     29.137    102.469    26.9096    20.4183    1486.79 0.0000e+00
       1769 152.432465    103.308    11.4089  31.154940     0.3153 1.0000e-12     1.1123     84.001     29.165    102.342    26.9092    20.4180    1486.79 0.0000e+00
       1770 152.432468    103.181    11.4083  31.154130     0.3165 1.0000e-12     1.1122     84.000     29.164    102.217    26.9089    20.4179    1486.78 0.0000e+00
       1771 152.432471    103.055    11.4077  31.153271     0.3182 1.0000e-12     1.1127     84.069     29.187    102.092    26.9086    20.4177    1486.78 0.0000e+00
       1772 152.432474    102.930    11.4071  31.152286     0.3210 1.0000e-12     1.1133     84.171     29.222    101.968    26.9081    20.4175    1486.78 0.0000e+00
       1773 152.432477    102.805    11.4065  31.151204     0.3153 1.0000e-12     1.1137     84.224     29.240    101.844    26.9076    20.4172    1486.77 0.0000e+00
       1774 152.432480    102.681    11.4058  31.150084     0.3198 1.0000e-12     1.1136     84.127     29.206    101.721    26.9071    20.4169    1486.77 0.0000e+00
       1775 152.432483    102.557    11.4050  31.148972     0.3169 1.0000e-12     1.1137     84.070     29.186    101.599    26.9066    20.4167    1486.76 0.0000e+00
       1776 152.432486    102.433    11.4043  31.147862     0.3161 1.0000e-12     1.1143     84.154     29.214    101.476    26.9061    20.4164    1486.76 0.0000e+00
       1777 152.432488    102.310    11.4035  31.146699     0.3132 1.0000e-12     1.1143     84.184     29.224    101.354    26.9056    20.4161    1486.75 0.0000e+00
       1778 152.432491    102.187    11.4027  31.145517     0.3149 1.0000e-12     1.1137     84.150     29.212    101.232    26.9051    20.4159    1486.74 0.0000e+00
       1779 152.432494    102.064    11.4020  31.144386     0.3066 1.0000e-12     1.1143     84.272     29.253    101.110    26.9046    20.4156    1486.74 0.0000e+00
       1780 152.432497    101.941    11.4012  31.143293     0.3128 1.0000e-12     1.1150     84.424     29.306    100.988    26.9042    20.4154    1486.73 0.0000e+00
       1781 152.432500    101.817    11.4004  31.142299     0.3099 1.0000e-12     1.1152     84.433     29.308    100.866    26.9039    20.4153    1486.73 0.0000e+00
       1782 152.432503    101.693    11.3997  31.141500     0.3120 1.0000e-12     1.1154     84.442     29.311    100.743    26.9036    20.4152    1486.72 0.0000e+00
       1783 152.432506    101.568    11.3990  31.140831     0.3095 1.0000e-12     1.1158     84.408     29.298    100.619    26.9036    20.4153    1486.72 0.0000e+00
       1784 152.432509    101.442    11.3985  31.140310     0.3120 1.0000e-12     1.1164     84.440     29.309    100.494    26.9035    20.4153    1486.71 0.0000e+00
       1785 152.432512    101.316    11.3980  31.139861     0.3099 1.0000e-12     1.1155     84.317     29.266    100.369    26.9034    20.4154    1486.71 0.0000e+00
       1786 152.432514    101.191    11.3977  31.139275     0.3182 1.0000e-12     1.1158     84.365     29.283    100.246    26.9031    20.4152    1486.71 0.0000e+00
       1787 152.432517    101.065    11.3974  31.138473     0.3103 1.0000e-12     1.1161     84.364     29.282    100.121    26.9026    20.4148    1486.70 0.0000e+00
       1788 152.432520    100.939    11.3969  31.137511     0.3128 1.0000e-12     1.1164     84.391     29.291     99.996    26.9021    20.4145    1486.70 0.0000e+00
       1789 152.432523    100.812    11.3964  31.136584     0.3128 1.0000e-12     1.1167     84.475     29.320     99.870    26.9017    20.4142    1486.70 0.0000e+00
       1790 152.432526    100.686    11.3959  31.135793     0.3099 1.0000e-12     1.1169     84.466     29.316     99.745    26.9013    20.4140    1486.69 0.0000e+00
       1791 152.432529    100.559    11.3953  31.135115     0.3116 1.0000e-12     1.1165     84.355     29.277     99.620    26.9011    20.4140    1486.69 0.0000e+00
       1792 152.432532    100.431    11.3948  31.134576     0.3103 1.0000e-12     1.1166     84.386     29.288     99.493    26.9010    20.4140    1486.68 0.0000e+00
       1793 152.432535    100.303    11.3944  31.134157     0.3124 1.0000e-12     1.1167     84.393     29.290     99.366    26.9010    20.4140    1486.68 0.0000e+00
       1794 152.432538    100.175    11.3941  31.133793     0.3074 1.0000e-12     1.1170     84.496     29.325     99.239    26.9009    20.4140    1486.68 0.0000e+00
       1795 152.432541    100.047    11.3938  31.133460     0.3066 1.0000e-12     1.1168     84.508     29.329     99.113    26.9008    20.4140    1486.67 0.0000e+00
       1796 152.432543     99.918    11.3935  31.133174     0.3128 1.0000e-12     1.1175     84.589     29.357     98.985    26.9008    20.4140    1486.67 0.0000e+00
       1797 152.432546     99.789    11.3933  31.132952     0.3103 1.0000e-12     1.1172     84.506     29.329     98.857    26.9008    20.4141    1486.67 0.0000e+00
       1798 152.432549     99.660    11.3931  31.132725     0.3116 1.0000e-12     1.1178     84.569     29.350     98.729    26.9008    20.4141    1486.66 0.0000e+00
       1799 152.432552     99.531    11.3929  31.132445     0.3153 1.0000e-12     1.1176     84.500     29.326     98.602    26.9007    20.4140    1486.66 0.0000e+00
       1800 152.432555     99.402    11.3928  31.132141     0.3198 1.0000e-12     1.1176     84.436     29.304     98.474    26.9005    20.4139    1486.66 0.0000e+00
       1801 152.432558     99.273    11.3926  31.131824     0.3157 1.0000e-12     1.1175     84.417     29.297     98.346    26.9004    20.4139    1486.65 0.0000e+00
       1802 152.432561     99.144    11.3924  31.131487     0.3165 1.0000e-12     1.1178     84.411     29.295     98.218    26.9003    20.4138    1486.65 0.0000e+00
       1803 152.432564     99.015    11.3922  31.131098     0.3124 1.0000e-12     1.1175     84.361     29.277     98.090    26.9001    20.4137    1486.65 0.0000e+00
       1804 152.432567     98.887    11.3919  31.130650     0.3116 1.0000e-12     1.1176     84.400     29.291     97.964    26.8999    20.4136    1486.65 0.0000e+00
       1805 152.432569     98.759    11.3916  31.130241     0.3091 1.0000e-12     1.1176     84.430     29.301     97.837    26.8998    20.4136    1486.64 0.0000e+00
       1806 152.432572     98.631    11.3914  31.129921     0.3116 1.0000e-12     1.1175     84.419     29.297     97.710    26.8997    20.4135    1486.64 0.0000e+00
       1807 152.432575     98.504    11.3911  31.129615     0.3169 1.0000e-12     1.1173     84.455     29.309     97.584    26.8997    20.4135    1486.64 0.0000e+00
       1808 152.432578     98.377    11.3909  31.129292     0.3165 1.0000e-12     1.1178     84.584     29.354     97.459    26.8995    20.4135    1486.63 0.0000e+00
       1809 152.432581     98.251    11.3907  31.128951     0.3111 1.0000e-12     1.1179     84.608     29.362     97.334    26.8994    20.4134    1486.63 0.0000e+00
       1810 152.432584     98.126    11.3905  31.128599     0.3182 1.0000e-12     1.1178     84.617     29.365     97.210    26.8993    20.4133    1486.63 0.0000e+00
       1811 152.432587     98.001    11.3903  31.128183     0.3132 1.0000e-12     1.1182     84.640     29.373     97.086    26.8991    20.4132    1486.62 0.0000e+00
       1812 152.432590     97.876    11.3900  31.127656     0.3153 1.0000e-12     1.1186     84.644     29.374     96.962    26.8988    20.4130    1486.62 0.0000e+00
       1813 152.432593     97.751    11.3897  31.127083     0.3140 1.0000e-12     1.1182     84.582     29.352     96.839    26.8985    20.4129    1486.62 0.0000e+00
       1814 152.432595     97.625    11.3893  31.126499     0.3128 1.0000e-12     1.1185     84.579     29.351     96.714    26.8983    20.4128    1486.61 0.0000e+00
       1815 152.432598     97.499    11.3889  31.125917     0.3182 1.0000e-12     1.1182     84.499     29.323     96.589    26.8981    20.4127    1486.61 0.0000e+00
       1816 152.432601     97.374    11.3886  31.125415     0.3074 1.0000e-12     1.1184     84.527     29.332     96.465    26.8979    20.4125    1486.61 0.0000e+00
       1817 152.432604     97.248    11.3883  31.125012     0.3124 1.0000e-12     1.1186     84.641     29.372     96.340    26.8977    20.4125    1486.60 0.0000e+00
       1818 152.432607     97.122    11.3880  31.124640     0.3091 1.0000e-12     1.1182     84.588     29.353     96.216    26.8977    20.4125    1486.60 0.0000e+00
       1819 152.432610     96.996    11.3877  31.124234     0.3099 1.0000e-12     1.1185     84.678     29.384     96.091    26.8975    20.4124    1486.60 0.0000e+00
       1820 152.432613     96.870    11.3875  31.123815     0.3140 1.0000e-12     1.1186     84.665     29.379     95.966    26.8973    20.4123    1486.59 0.0000e+00
       1821 152.432616     96.744    11.3872  31.123487     0.3099 1.0000e-12     1.1192     84.756     29.411     95.841    26.8973    20.4123    1486.59 0.0000e+00
       1822 152.432619     96.618    11.3870  31.123296     0.3169 1.0000e-12     1.1189     84.732     29.402     95.716    26.8973    20.4123    1486.59 0.0000e+00
       1823 152.432622     96.491    11.3868  31.123141     0.3144 1.0000e-12     1.1192     84.725     29.400     95.591    26.8973    20.4124    1486.58 0.0000e+00
       1824 152.432624     96.363    11.3867  31.122910     0.3120 1.0000e-12     1.1189     84.654     29.375     95.464    26.8972    20.4123    1486.58 0.0000e+00
       1825 152.432627     96.236    11.3865  31.122604     0.3120 1.0000e-12     1.1192     84.713     29.395     95.338    26.8971    20.4123    1486.58 0.0000e+00
       1826 152.432630     96.109    11.3863  31.122269     0.3140 1.0000e-12     1.1193     84.780     29.418     95.212    26.8970    20.4122    1486.58 0.0000e+00
       1827 152.432633     95.982    11.3861  31.121884     0.3095 1.0000e-12     1.1192     84.798     29.424     95.086    26.8968    20.4121    1486.57 0.0000e+00
       1828 152.432636     95.855    11.3859  31.121445     0.3111 1.0000e-12     1.1193     84.900     29.460     94.961    26.8966    20.4120    1486.57 0.0000e+00
       1829 152.432639     95.727    11.3856  31.120951     0.3128 1.0000e-12     1.1199     84.989     29.490     94.834    26.8964    20.4118    1486.57 0.0000e+00
       1830 152.432642     95.599    11.3852  31.120387     0.3128 1.0000e-12     1.1199     84.971     29.484     94.707    26.8962    20.4117    1486.56 0.0000e+00
       1831 152.432645     95.471    11.3849  31.119714     0.3116 1.0000e-12     1.1202     84.989     29.490     94.580    26.8958    20.4115    1486.56 0.0000e+00
       1832 152.432648     95.343    11.3845  31.118985     0.3111 1.0000e-12     1.1208     85.013     29.498     94.454    26.8954    20.4113    1486.56 0.0000e+00
       1833 152.432650     95.214    11.3841  31.118351     0.3120 1.0000e-12     1.1206     84.932     29.469     94.326    26.8952    20.4111    1486.55 0.0000e+00
       1834 152.432653     95.085    11.3837  31.117751     0.3140 1.0000e-12     1.1204     84.849     29.440     94.198    26.8949    20.4110    1486.55 0.0000e+00
       1835 152.432656     94.957    11.3833  31.117088     0.3107 1.0000e-12     1.1205     84.849     29.440     94.071    26.8946    20.4109    1486.54 0.0000e+00
       1836 152.432659     94.828    11.3829  31.116385     0.3116 1.0000e-12     1.1205     84.836     29.435     93.944    26.8943    20.4107    1486.54 0.0000e+00
       1837 152.432662     94.699    11.3825  31.115692     0.3079 1.0000e-12     1.1208     84.932     29.468     93.816    26.8940    20.4105    1486.54 0.0000e+00
       1838 152.432665     94.570    11.3821  31.115002     0.3153 1.0000e-12     1.1204     84.884     29.451     93.688    26.8936    20.4103    1486.53 0.0000e+00
       1839 152.432668     94.440    11.3816  31.114183     0.3182 1.0000e-12     1.1210     84.949     29.473     93.559    26.8933    20.4101    1486.53 0.0000e+00
       1840 152.432671     94.310    11.3812  31.113129     0.3103 1.0000e-12     1.1209     84.950     29.473     93.430    26.8926    20.4096    1486.52 0.0000e+00
       1841 152.432674     94.180    11.3806  31.111813     0.3177 1.0000e-12     1.1211     85.011     29.494     93.302    26.8918    20.4091    1486.52 0.0000e+00
       1842 152.432677     94.050    11.3798  31.110228     0.3144 1.0000e-12     1.1209     85.057     29.509     93.173    26.8909    20.4086    1486.51 0.0000e+00
