CTD_data_day2/sbe55_sbe19p_5262_20260601_re5_1m.cnv
* Sea-Bird SBE 19plus Data File:
* FileName = C:\Data\sbe55_sbe19p_5262\2026-06-01\sbe55_sbe19p_5262_20260601_re5069.hex
* Software Version SeatermAF 2.1.4
* Temperature SN = 5262
* Conductivity SN = 5262
* System UpLoad Time = Jun 01 2026 09:59:08 (localtime) = Jun 01 2026 09:59:08 (UTC)
* ds
* SeacatPlus V 1.6b  SERIAL NO. 5262    01 Jun 2026  09:58:16
# nquan = 15
# nvalues = 289                         
# units = specified
# name 0 = scan: Scan Count
# name 1 = timeJ: Julian Days
# name 2 = prdM: Pressure, Strain Gauge [db]
# name 3 = tv290C: Temperature [ITS-90, deg C]
# name 4 = c0mS/cm: Conductivity [mS/cm]
# name 5 = wetStar: Fluorescence, WET Labs WETstar [mg/m^3]
# name 6 = par: PAR/Irradiance, Biospherical/Licor [umol photons/m^2/sec]
# name 7 = sbeox0V: Oxygen raw, SBE 43 [V]
# name 8 = sbeox0Mm/L: Oxygen, SBE 43 [umol/l], WS = 2
# name 9 = sbeox0PS: Oxygen, SBE 43 [% saturation], WS = 2
# name 10 = depSM: Depth [salt water, m], lat = 56
# name 11 = sal00: Salinity, Practical [PSU]
# name 12 = sigma-é00: Density [sigma-theta, kg/m^3]
# name 13 = svCM: Sound Velocity [Chen-Millero, m/s]
# name 14 = flag: flag
# span 0 =        395,       2591       
# span 1 = 152.393905, 152.400262       
# span 2 =      1.000,    145.000       
# span 3 =    10.2275,    13.0590       
# span 4 =  22.508864,  31.292816       
# span 5 =     0.2511,     4.7445       
# span 6 = -1.008e-04, 1.7517e+02       
# span 7 =     1.0729,     2.2441       
# span 8 =     78.192,    243.169       
# span 9 =     27.207,     82.470       
# span 10 =      0.991,    143.630      
# span 11 =    18.0367,    26.9616      
# span 12 =    13.2831,    20.4447      
# span 13 =    1479.44,    1487.85      
# span 14 = 0.0000e+00, 0.0000e+00      
# interval = decibars: 1                
# start_time = Jun 01 2026 09:25:35 [Instrument's time stamp, header]
# bad_flag = -9.990e-29
*END*
[from data line 193]
       1910 152.398289     96.000    11.4028  31.144669     0.3009 1.0000e-12     1.1145     84.003     29.161     95.104    26.9065    20.4168    1486.65 0.0000e+00
       1918 152.398312     95.000    11.3983  31.137947     0.3031 1.0000e-12     1.1156     84.337     29.273     94.114    26.9036    20.4153    1486.61 0.0000e+00
       1926 152.398335     94.000    11.3944  31.132271     0.3027 1.0000e-12     1.1175     84.631     29.373     93.123    26.9014    20.4143    1486.58 0.0000e+00
       1933 152.398357     93.000    11.3901  31.125594     0.3041 1.0000e-12     1.1194     85.011     29.501     92.133    26.8985    20.4127    1486.54 0.0000e+00
       1941 152.398380     92.000    11.3832  31.113107     0.3014 1.0000e-12     1.1228     85.813     29.774     91.143    26.8920    20.4088    1486.49 0.0000e+00
       1949 152.398402     91.000    11.3694  31.092784     0.2970 1.0000e-12     1.1265     86.187     29.893     90.152    26.8829    20.4040    1486.41 0.0000e+00
       1957 152.398425     90.000    11.3558  31.073536     0.2973 1.0000e-12     1.1295     86.472     29.981     89.162    26.8748    20.4000    1486.34 0.0000e+00
       1964 152.398447     89.000    11.3448  31.059223     0.2966 1.0000e-12     1.1314     86.640     30.031     88.171    26.8694    20.3976    1486.28 0.0000e+00
       1972 152.398469     88.000    11.3328  31.041190     0.2929 1.0000e-12     1.1331     86.996     30.146     87.181    26.8612    20.3933    1486.21 0.0000e+00
       1980 152.398491     87.000    11.3220  31.026556     0.2965 1.0000e-12     1.1360     87.649     30.364     86.190    26.8554    20.3906    1486.15 0.0000e+00
       1987 152.398513     86.000    11.3122  31.012888     0.2940 1.0000e-12     1.1396     88.140     30.526     85.200    26.8498    20.3878    1486.09 0.0000e+00
       1995 152.398535     85.000    11.3007  30.993069     0.2973 1.0000e-12     1.1437     89.088     30.845     84.209    26.8396    20.3818    1486.02 0.0000e+00
       2002 152.398557     84.000    11.2801  30.960417     0.2919 1.0000e-12     1.1492     89.990     31.140     83.219    26.8236    20.3728    1485.91 0.0000e+00
       2010 152.398578     83.000    11.2509  30.916120     0.2925 1.0000e-12     1.1560     91.388     31.600     82.228    26.8027    20.3615    1485.77 0.0000e+00
       2017 152.398599     82.000    11.2211  30.874843     0.2909 1.0000e-12     1.1646     93.043     32.148     81.238    26.7852    20.3528    1485.62 0.0000e+00
       2024 152.398620     81.000    11.1966  30.838224     0.2938 1.0000e-12     1.1745     94.551     32.648     80.247    26.7682    20.3437    1485.50 0.0000e+00
       2031 152.398640     80.000    11.1748  30.808042     0.2942 1.0000e-12     1.1841     95.989     33.126     79.256    26.7554    20.3373    1485.39 0.0000e+00
       2038 152.398661     79.000    11.1624  30.793272     0.2954 1.0000e-12     1.1958     98.496     33.981     78.266    26.7506    20.3356    1485.32 0.0000e+00
       2046 152.398682     78.000    11.1563  30.775162     0.3000 1.0000e-12     1.2154    103.392     35.663     77.276    26.7379    20.3268    1485.27 0.0000e+00
       2053 152.398704     77.000    11.1272  30.710150     0.3095 1.0000e-12     1.2473    109.324     37.675     76.285    26.6970    20.2998    1485.10 0.0000e+00
       2060 152.398725     76.000    11.0752  30.632428     0.3174 1.0000e-12     1.2782    112.604     38.753     75.295    26.6603    20.2799    1484.85 0.0000e+00
       2068 152.398746     75.000    11.0518  30.605236     0.3189 1.0000e-12     1.3021    115.877     39.856     74.304    26.6514    20.2769    1484.74 0.0000e+00
       2075 152.398768     74.000    11.0473  30.595909     0.3240 1.0000e-12     1.3351    124.246     42.730     73.314    26.6460    20.2733    1484.70 0.0000e+00
       2082 152.398789     73.000    11.0440  30.570894     0.3497 1.0000e-12     1.3954    136.364     46.888     72.323    26.6248    20.2574    1484.65 0.0000e+00
       2090 152.398810     72.000    11.0373  30.537192     0.3830 1.0000e-12     1.4578    144.070     49.521     71.332    26.5976    20.2374    1484.57 0.0000e+00
       2097 152.398832     71.000    11.0310  30.511856     0.4124 1.0000e-12     1.5138    151.415     52.033     70.342    26.5781    20.2232    1484.51 0.0000e+00
       2105 152.398853     70.000    11.0227  30.480129     0.4303 1.0000e-12     1.5759    163.527     56.176     69.351    26.5539    20.2058    1484.44 0.0000e+00
       2112 152.398874     69.000    11.0085  30.422632     0.4825 1.0000e-12     1.6559    176.854     60.718     68.361    26.5092    20.1734    1484.32 0.0000e+00
       2119 152.398895     68.000    10.9963  30.377506     0.5439 1.0000e-12     1.7372    188.549     64.702     67.370    26.4748    20.1487    1484.21 0.0000e+00
       2126 152.398916     67.000    10.9984  30.349253     0.6092 1.0000e-12     1.8136    197.132     67.638     66.379    26.4465    20.1263    1484.17 0.0000e+00
       2134 152.398937     66.000    11.0134  30.331357     0.6509 1.0000e-12     1.8697    200.923     68.950     65.389    26.4189    20.1024    1484.18 0.0000e+00
       2141 152.398957     65.000    11.0098  30.304709     0.6819 1.0000e-12     1.9042    202.174     69.363     64.398    26.3962    20.0854    1484.12 0.0000e+00
       2148 152.398978     64.000    10.9934  30.277491     0.6567 1.0000e-12     1.9230    202.493     69.442     63.408    26.3821    20.0771    1484.03 0.0000e+00
       2155 152.398999     63.000    10.9800  30.257379     0.6484 1.0000e-12     1.9297    201.802     69.180     62.417    26.3728    20.0720    1483.95 0.0000e+00
       2162 152.399020     62.000    10.9542  30.220629     0.6118 1.0000e-12     1.9330    202.886     69.506     61.427    26.3563    20.0634    1483.83 0.0000e+00
       2169 152.399041     61.000    10.9359  30.198554     0.5922 1.0000e-12     1.9428    205.612     70.408     60.436    26.3485    20.0603    1483.73 0.0000e+00
       2177 152.399062     60.000    10.9479  30.203331     0.6281 1.0000e-12     1.9559    207.335     71.015     59.445    26.3448    20.0555    1483.75 0.0000e+00
       2184 152.399082     59.000    10.9566  30.196341     0.6532 1.0000e-12     1.9676    208.839     71.538     58.455    26.3322    20.0443    1483.75 0.0000e+00
       2191 152.399103     58.000    10.9487  30.174099     0.6364 1.0000e-12     1.9794    210.593     72.119     57.464    26.3168    20.0335    1483.69 0.0000e+00
       2198 152.399124     57.000    10.9378  30.151869     0.6283 1.0000e-12     1.9911    212.309     72.684     56.474    26.3036    20.0251    1483.62 0.0000e+00
       2205 152.399144     56.000    10.9254  30.122751     0.6233 1.0000e-12     2.0021    213.834     73.177     55.483    26.2848    20.0124    1483.53 0.0000e+00
       2212 152.399165     55.000    10.9151  30.094580     0.6206 1.0000e-12     2.0128    215.180     73.612     54.492    26.2653    19.9990    1483.46 0.0000e+00
       2219 152.399184     54.000    10.9054  30.070147     0.6084 1.0000e-12     2.0206    215.712     73.771     53.501    26.2491    19.9879    1483.39 0.0000e+00
       2226 152.399205     53.000    10.8997  30.057743     0.6055 1.0000e-12     2.0249    215.474     73.677     52.511    26.2415    19.9830    1483.34 0.0000e+00
       2233 152.399225     52.000    10.8912  30.039714     0.6077 1.0000e-12     2.0235    214.038     73.168     51.520    26.2306    19.9758    1483.28 0.0000e+00
       2240 152.399246     51.000    10.8580  29.989844     0.5595 1.0000e-12     2.0137    211.207     72.136     50.530    26.2066    19.9625    1483.12 0.0000e+00
       2248 152.399267     50.000    10.7771  29.896123     0.4679 1.0000e-12     1.9992    209.793     71.512     49.539    26.1742    19.9503    1482.77 0.0000e+00
       2255 152.399287     49.000    10.7096  29.841659     0.3977 1.0000e-12     1.9909    210.263     71.565     48.548    26.1701    19.9579    1482.50 0.0000e+00
       2262 152.399308     48.000    10.6972  29.832124     0.3987 1.0000e-12     1.9879    210.468     71.615     47.558    26.1700    19.9598    1482.44 0.0000e+00
       2269 152.399328     47.000    10.6948  29.823768     0.3996 1.0000e-12     1.9877    210.997     71.789     46.567    26.1640    19.9556    1482.41 0.0000e+00
       2276 152.399349     46.000    10.6938  29.821747     0.4076 1.0000e-12     1.9913    212.338     72.243     45.576    26.1632    19.9550    1482.39 0.0000e+00
       2283 152.399370     45.000    10.7097  29.835246     0.4323 1.0000e-12     1.9985    213.764     72.755     44.586    26.1652    19.9541    1482.43 0.0000e+00
       2290 152.399390     44.000    10.7282  29.839632     0.4483 1.0000e-12     2.0068    214.618     73.070     43.595    26.1566    19.9444    1482.47 0.0000e+00
       2297 152.399411     43.000    10.7322  29.835702     0.4592 1.0000e-12     2.0142    215.715     73.447     42.604    26.1503    19.9388    1482.46 0.0000e+00
       2304 152.399431     42.000    10.7445  29.838841     0.4953 1.0000e-12     2.0196    215.372     73.348     41.613    26.1449    19.9327    1482.48 0.0000e+00
       2311 152.399451     41.000    10.7426  29.815357     0.4889 1.0000e-12     2.0178    213.866     72.822     40.623    26.1239    19.9166    1482.44 0.0000e+00
       2318 152.399471     40.000    10.6810  29.732912     0.4292 1.0000e-12     2.0123    213.210     72.485     39.632    26.0884    19.8989    1482.15 0.0000e+00
       2325 152.399491     39.000    10.6207  29.674570     0.3716 1.0000e-12     2.0078    213.313     72.418     38.641    26.0752    19.8982    1481.90 0.0000e+00
       2332 152.399511     38.000    10.5895  29.648250     0.3407 1.0000e-12     2.0069    214.100     72.634     37.651    26.0723    19.9008    1481.77 0.0000e+00
       2339 152.399531     37.000    10.5870  29.642864     0.3412 1.0000e-12     2.0084    214.159     72.649     36.660    26.0692    19.8988    1481.74 0.0000e+00
       2346 152.399551     36.000    10.5765  29.618343     0.3385 1.0000e-12     2.0066    213.198     72.299     35.669    26.0533    19.8881    1481.67 0.0000e+00
       2353 152.399571     35.000    10.5392  29.566522     0.3141 1.0000e-12     2.0030    213.302     72.264     34.679    26.0299    19.8758    1481.49 0.0000e+00
       2360 152.399591     34.000    10.4950  29.525457     0.2926 1.0000e-12     2.0051    215.152     72.816     33.688    26.0218    19.8764    1481.30 0.0000e+00
       2366 152.399610     33.000    10.5182  29.549372     0.3084 1.0000e-12     2.0119    216.517     73.319     32.697    26.0289    19.8782    1481.38 0.0000e+00
       2373 152.399629     32.000    10.5422  29.546234     0.3246 1.0000e-12     2.0200    217.669     73.739     31.706    26.0091    19.8590    1481.42 0.0000e+00
       2379 152.399648     31.000    10.5590  29.544083     0.3339 1.0000e-12     2.0282    218.452     74.025     30.716    25.9954    19.8458    1481.45 0.0000e+00
       2386 152.399667     30.000    10.5949  29.560715     0.3514 1.0000e-12     2.0336    218.453     74.079     29.725    25.9864    19.8331    1481.56 0.0000e+00
       2393 152.399687     29.000    10.6148  29.564825     0.3646 1.0000e-12     2.0369    218.543     74.137     28.734    25.9766    19.8223    1481.60 0.0000e+00
       2400 152.399707     28.000    10.6216  29.561777     0.3608 1.0000e-12     2.0393    218.741     74.212     27.743    25.9692    19.8154    1481.60 0.0000e+00
       2406 152.399726     27.000    10.6256  29.549900     0.3692 1.0000e-12     2.0416    219.071     74.324     26.752    25.9552    19.8039    1481.58 0.0000e+00
       2413 152.399745     26.000    10.6080  29.516357     0.3641 1.0000e-12     2.0439    219.342     74.378     25.762    25.9355    19.7914    1481.47 0.0000e+00
       2420 152.399765     25.000    10.6010  29.490458     0.3596 1.0000e-12     2.0447    219.148     74.291     24.771    25.9157    19.7771    1481.41 0.0000e+00
       2426 152.399784     24.000    10.5962  29.461056     0.3694 1.0000e-12     2.0446    219.193     74.287     23.780    25.8909    19.7586    1481.35 0.0000e+00
       2433 152.399802     23.000    10.5683  29.408321     0.3609 1.0000e-12     2.0447    219.398     74.296     22.790    25.8599    19.7389    1481.19 0.0000e+00
       2439 152.399821     22.000    10.5484  29.368078     0.3589 1.0000e-12     2.0454    219.685     74.349     21.799    25.8354    19.7229    1481.07 0.0000e+00
       2446 152.399840     21.000    10.5429  29.322354     0.3804 1.0000e-12     2.0451    219.317     74.197     20.808    25.7952    19.6925    1480.99 0.0000e+00
       2452 152.399859     20.000    10.5242  29.259900     0.3915 1.0000e-12     2.0439    219.157     74.090     19.817    25.7481    19.6589    1480.85 0.0000e+00
       2459 152.399879     19.000    10.4917  29.190936     0.4023 1.0000e-12     2.0405    218.275     73.719     18.826    25.7045    19.6300    1480.66 0.0000e+00
       2466 152.399898     18.000    10.4512  29.109194     0.3881 2.3032e-05     2.0345    217.075     73.225     17.836    25.6540    19.5971    1480.43 0.0000e+00
       2473 152.399918     17.000    10.3594  28.985210     0.3242 5.6801e-04     2.0265    216.575     72.882     16.845    25.5983    19.5680    1480.01 0.0000e+00
       2479 152.399937     16.000    10.2707  28.879960     0.2823 1.7161e-03     2.0221    217.627     73.075     15.854    25.5584    19.5506    1479.62 0.0000e+00
       2486 152.399956     15.000    10.2540  28.855672     0.2837 3.0994e-03     2.0252    219.652     73.722     14.863    25.5468    19.5441    1479.53 0.0000e+00
       2492 152.399975     14.000    10.3292  28.909983     0.3823 4.9042e-03     2.0348    221.819     74.573     13.872    25.5473    19.5329    1479.80 0.0000e+00
       2499 152.399994     13.000    10.5144  29.045195     0.6098 7.3282e-03     2.0467    221.919     74.912     12.881    25.5493    19.5057    1480.46 0.0000e+00
       2506 152.400013     12.000    10.6912  29.128557     0.8218 1.1188e-02     2.0526    221.002     74.873     11.891    25.5068    19.4451    1481.03 0.0000e+00
       2512 152.400033     11.000    10.7258  29.115450     0.8557 2.5649e-02     2.0576    221.619     75.121     10.900    25.4705    19.4113    1481.10 0.0000e+00
       2519 152.400051     10.000    10.7656  29.093901     0.9155 6.1307e-01     2.0623    222.248     75.378      9.909    25.4224    19.3677    1481.17 0.0000e+00
       2525 152.400070      9.000    10.8164  29.089628     1.0042 1.5363e+00     2.0689    223.224     75.774      8.918    25.3835    19.3294    1481.29 0.0000e+00
       2532 152.400089      8.000    10.8732  29.113040     1.0932 1.6464e+00     2.0741    222.309     75.549      7.927    25.3670    19.3075    1481.46 0.0000e+00
       2538 152.400108      7.000    10.9525  29.015073     1.2419 3.4076e+00     2.0666    218.343     74.260      6.936    25.2189    19.1799    1481.55 0.0000e+00
       2545 152.400127      6.000    10.8912  28.621911     1.5641 4.3951e+00     2.0518    217.213     73.620      5.945    24.8844    18.9300    1480.91 0.0000e+00
       2552 152.400147      5.000    10.8070  28.314424     1.9004 8.8979e+00     2.0445    219.888     74.277      4.954    24.6469    18.7590    1480.31 0.0000e+00
       2560 152.400170      4.000    10.8284  28.008710     2.4289 2.7288e+01     2.0668    228.814     77.178      3.964    24.3404    18.5177    1479.99 0.0000e+00
       2569 152.400198      3.000    11.2721  27.157382     3.3050 4.5423e+01     2.1153    235.365     79.609      2.973    23.2484    17.6007    1480.27 0.0000e+00
       2580 152.400229      2.000    11.7109  26.368312     3.8446 7.8769e+01     2.1616    240.188     81.499      1.982    22.2413    16.7505    1480.63 0.0000e+00
       2591 152.400262      1.000    12.0669  25.166935     3.7656 1.7517e+02     2.2051    243.169     82.470      0.991    20.9368    15.6843    1480.33 0.0000e+00
