CTD_data_day2/sbe55_sbe19p_5262_20260601_re5.cnv
* Sea-Bird SBE 19plus Data File:
* FileName = C:\Data\sbe55_sbe19p_5262\2026-06-01\sbe55_sbe19p_5262_20260601_re5069.hex
* Software Version SeatermAF 2.1.4
* Temperature SN = 5262
* Conductivity SN = 5262
* System UpLoad Time = Jun 01 2026 09:59:08 (localtime) = Jun 01 2026 09:59:08 (UTC)
* ds
* SeacatPlus V 1.6b  SERIAL NO. 5262    01 Jun 2026  09:58:16
# nquan = 15                                
# nvalues = 2337                        
# units = specified
# name 0 = scan: Scan Count
# name 1 = timeJ: Julian Days
# name 2 = prdM: Pressure, Strain Gauge [db]
# name 3 = tv290C: Temperature [ITS-90, deg C]
# name 4 = c0mS/cm: Conductivity [mS/cm]
# name 5 = wetStar: Fluorescence, WET Labs WETstar [mg/m^3]
# name 6 = par: PAR/Irradiance, Biospherical/Licor [umol photons/m^2/sec]
# name 7 = sbeox0V: Oxygen raw, SBE 43 [V]
# name 8 = sbeox0Mm/L: Oxygen, SBE 43 [umol/l], WS = 2
# name 9 = sbeox0PS: Oxygen, SBE 43 [% saturation], WS = 2
# name 10 = depSM: Depth [salt water, m], lat = 56
# name 11 = sal00: Salinity, Practical [PSU]
# name 12 = sigma-é00: Density [sigma-theta, kg/m^3]
# name 13 = svCM: Sound Velocity [Chen-Millero, m/s]
# name 14 = flag: flag
# span 0 =        301,       2637       
# span 1 = 152.393634, 152.400394       
# span 2 =     -0.234,    144.704       
# span 3 =    10.2173,    13.2006       
# span 4 =   3.228305,  31.292872       
# span 5 =     0.0343,     4.8064       
# span 6 = 1.0000e-12, 9.1171e+02       
# span 7 =     1.0723,     2.2886       
# span 8 =     78.062,    253.241       
# span 9 =     27.162,     85.760       
# span 10 =     -0.232,    143.337      
# span 11 =     2.2848,    26.9621      
# span 12 =     1.2532,    20.4450      
# span 13 =    1458.63,    1487.85      
# span 14 = 0.0000e+00, 0.0000e+00      
# interval = seconds: 0.25
# start_time = Jun 01 2026 09:25:35 [Instrument's time stamp, header]
# bad_flag = -9.990e-29
*END*
[from data line 1157]
       1458 152.396982    140.926    11.4948  31.288519     0.3124 1.0000e-12     1.0749     78.485     27.309    139.596    26.9609    20.4444    1487.77 0.0000e+00
       1459 152.396985    141.039    11.4948  31.288603     0.3182 1.0000e-12     1.0748     78.472     27.304    139.708    26.9610    20.4444    1487.78 0.0000e+00
       1460 152.396988    141.152    11.4949  31.288672     0.3128 1.0000e-12     1.0749     78.461     27.300    139.820    26.9609    20.4444    1487.78 0.0000e+00
       1461 152.396991    141.264    11.4949  31.288711     0.3149 1.0000e-12     1.0745     78.411     27.283    139.931    26.9609    20.4444    1487.78 0.0000e+00
       1462 152.396994    141.377    11.4950  31.288747     0.3124 1.0000e-12     1.0745     78.434     27.291    140.043    26.9609    20.4443    1487.78 0.0000e+00
       1463 152.396997    141.490    11.4950  31.288798     0.3074 1.0000e-12     1.0745     78.451     27.297    140.154    26.9609    20.4443    1487.78 0.0000e+00
       1464 152.396999    141.603    11.4950  31.288856     0.3091 1.0000e-12     1.0748     78.542     27.329    140.266    26.9609    20.4443    1487.79 0.0000e+00
       1465 152.397002    141.715    11.4951  31.288893     0.3116 1.0000e-12     1.0745     78.549     27.331    140.377    26.9608    20.4442    1487.79 0.0000e+00
       1466 152.397005    141.827    11.4951  31.288859     0.3107 1.0000e-12     1.0744     78.542     27.329    140.488    26.9607    20.4442    1487.79 0.0000e+00
       1467 152.397008    141.938    11.4951  31.288800     0.3087 1.0000e-12     1.0745     78.593     27.346    140.598    26.9606    20.4441    1487.79 0.0000e+00
       1468 152.397011    142.049    11.4950  31.288792     0.3128 1.0000e-12     1.0749     78.662     27.370    140.708    26.9607    20.4442    1487.79 0.0000e+00
       1469 152.397014    142.160    11.4950  31.288827     0.3074 1.0000e-12     1.0748     78.688     27.380    140.818    26.9607    20.4441    1487.79 0.0000e+00
       1470 152.397017    142.271    11.4950  31.288880     0.3107 1.0000e-12     1.0748     78.652     27.367    140.928    26.9607    20.4442    1487.80 0.0000e+00
       1471 152.397020    142.382    11.4950  31.288959     0.3132 1.0000e-12     1.0752     78.620     27.356    141.038    26.9607    20.4442    1487.80 0.0000e+00
       1472 152.397023    142.494    11.4950  31.289076     0.3074 1.0000e-12     1.0751     78.502     27.315    141.149    26.9608    20.4442    1487.80 0.0000e+00
       1473 152.397025    142.606    11.4950  31.289228     0.3132 1.0000e-12     1.0752     78.413     27.284    141.260    26.9609    20.4443    1487.80 0.0000e+00
       1474 152.397028    142.717    11.4950  31.289378     0.3128 1.0000e-12     1.0748     78.324     27.253    141.369    26.9610    20.4444    1487.80 0.0000e+00
       1475 152.397031    142.829    11.4951  31.289498     0.3095 1.0000e-12     1.0744     78.286     27.240    141.480    26.9610    20.4444    1487.81 0.0000e+00
       1476 152.397034    142.941    11.4952  31.289608     0.3116 1.0000e-12     1.0741     78.259     27.230    141.591    26.9610    20.4444    1487.81 0.0000e+00
       1477 152.397037    143.052    11.4952  31.289728     0.3132 1.0000e-12     1.0735     78.146     27.191    141.701    26.9611    20.4444    1487.81 0.0000e+00
       1478 152.397040    143.164    11.4953  31.289852     0.3149 1.0000e-12     1.0741     78.230     27.221    141.812    26.9611    20.4444    1487.81 0.0000e+00
       1479 152.397043    143.276    11.4953  31.289952     0.3223 1.0000e-12     1.0745     78.345     27.261    141.923    26.9611    20.4445    1487.81 0.0000e+00
       1480 152.397046    143.388    11.4954  31.290034     0.3214 1.0000e-12     1.0739     78.276     27.237    142.034    26.9611    20.4444    1487.82 0.0000e+00
       1481 152.397049    143.499    11.4954  31.290088     0.3091 1.0000e-12     1.0732     78.160     27.196    142.144    26.9611    20.4444    1487.82 0.0000e+00
       1482 152.397052    143.608    11.4955  31.290143     0.3116 1.0000e-12     1.0729     78.062     27.162    142.252    26.9610    20.4444    1487.82 0.0000e+00
       1483 152.397054    143.716    11.4955  31.290231     0.3091 1.0000e-12     1.0735     78.144     27.190    142.359    26.9611    20.4444    1487.82 0.0000e+00
       1484 152.397057    143.822    11.4955  31.290380     0.3169 1.0000e-12     1.0732     78.200     27.210    142.464    26.9612    20.4445    1487.82 0.0000e+00
       1485 152.397060    143.927    11.4955  31.290603     0.3095 1.0000e-12     1.0729     78.209     27.213    142.568    26.9614    20.4446    1487.83 0.0000e+00
       1486 152.397063    144.030    11.4956  31.290922     0.3095 1.0000e-12     1.0729     78.210     27.214    142.670    26.9616    20.4448    1487.83 0.0000e+00
       1487 152.397066    144.131    11.4958  31.291311     0.3144 1.0000e-12     1.0726     78.111     27.179    142.770    26.9617    20.4449    1487.83 0.0000e+00
       1488 152.397069    144.228    11.4961  31.291692     0.3132 1.0000e-12     1.0729     78.202     27.211    142.866    26.9619    20.4449    1487.83 0.0000e+00
       1489 152.397072    144.320    11.4963  31.292006     0.3140 1.0000e-12     1.0727     78.235     27.223    142.957    26.9620    20.4450    1487.84 0.0000e+00
       1490 152.397075    144.405    11.4966  31.292283     0.3091 1.0000e-12     1.0727     78.253     27.229    143.041    26.9620    20.4450    1487.84 0.0000e+00
       1491 152.397078    144.483    11.4968  31.292569     0.3186 1.0000e-12     1.0723     78.236     27.223    143.118    26.9621    20.4450    1487.84 0.0000e+00
       1492 152.397080    144.552    11.4970  31.292804     0.3124 1.0000e-12     1.0726     78.259     27.232    143.186    26.9621    20.4450    1487.84 0.0000e+00
       1493 152.397083    144.609    11.4971  31.292872     0.3079 1.0000e-12     1.0729     78.376     27.273    143.243    26.9621    20.4450    1487.84 0.0000e+00
       1494 152.397086    144.653    11.4972  31.292814     0.3124 1.0000e-12     1.0727     78.383     27.275    143.286    26.9620    20.4449    1487.85 0.0000e+00
       1495 152.397089    144.683    11.4973  31.292729     0.3120 1.0000e-12     1.0729     78.436     27.293    143.316    26.9618    20.4447    1487.85 -9.990e-29
       1496 152.397092    144.699    11.4973  31.292605     0.3041 1.0000e-12     1.0726     78.337     27.259    143.332    26.9617    20.4446    1487.85 -9.990e-29
       1497 152.397095    144.704    11.4972  31.292411     0.3128 1.0000e-12     1.0733     78.434     27.293    143.337    26.9616    20.4445    1487.85 -9.990e-29
       1498 152.397098    144.698    11.4972  31.292183     0.3091 1.0000e-12     1.0732     78.453     27.299    143.331    26.9614    20.4444    1487.85 -9.990e-29
       1499 152.397101    144.679    11.4971  31.291975     0.3173 1.0000e-12     1.0732     78.460     27.301    143.312    26.9612    20.4443    1487.84 -9.990e-29
       1500 152.397104    144.649    11.4970  31.291807     0.3116 1.0000e-12     1.0729     78.461     27.302    143.283    26.9612    20.4443    1487.84 0.0000e+00
       1501 152.397106    144.608    11.4969  31.291652     0.3120 1.0000e-12     1.0733     78.522     27.323    143.242    26.9611    20.4442    1487.84 0.0000e+00
       1502 152.397109    144.560    11.4968  31.291497     0.3074 1.0000e-12     1.0735     78.543     27.330    143.194    26.9610    20.4442    1487.84 0.0000e+00
       1503 152.397112    144.504    11.4968  31.291347     0.3120 1.0000e-12     1.0736     78.612     27.354    143.139    26.9609    20.4441    1487.84 0.0000e+00
       1504 152.397115    144.442    11.4967  31.291194     0.3079 1.0000e-12     1.0740     78.668     27.374    143.078    26.9609    20.4441    1487.84 0.0000e+00
       1505 152.397118    144.374    11.4966  31.291041     0.3107 1.0000e-12     1.0742     78.676     27.376    143.010    26.9608    20.4441    1487.84 0.0000e+00
       1506 152.397121    144.301    11.4966  31.290898     0.3062 1.0000e-12     1.0736     78.569     27.339    142.938    26.9607    20.4440    1487.84 0.0000e+00
       1507 152.397124    144.225    11.4965  31.290756     0.3157 1.0000e-12     1.0745     78.731     27.395    142.863    26.9607    20.4440    1487.83 0.0000e+00
       1508 152.397127    144.146    11.4965  31.290603     0.3079 1.0000e-12     1.0742     78.644     27.365    142.784    26.9606    20.4439    1487.83 0.0000e+00
       1509 152.397130    144.064    11.4964  31.290499     0.3103 1.0000e-12     1.0746     78.643     27.365    142.703    26.9606    20.4439    1487.83 0.0000e+00
       1510 152.397133    143.981    11.4964  31.290535     0.3140 1.0000e-12     1.0745     78.641     27.364    142.621    26.9606    20.4439    1487.83 0.0000e+00
       1511 152.397135    143.896    11.4963  31.290603     0.3202 1.0000e-12     1.0752     78.648     27.367    142.537    26.9608    20.4441    1487.83 0.0000e+00
       1512 152.397138    143.810    11.4963  31.290632     0.3161 1.0000e-12     1.0746     78.584     27.344    142.452    26.9608    20.4441    1487.83 0.0000e+00
       1513 152.397141    143.723    11.4963  31.290630     0.3120 1.0000e-12     1.0742     78.472     27.305    142.366    26.9609    20.4441    1487.83 0.0000e+00
       1514 152.397144    143.634    11.4963  31.290591     0.3079 1.0000e-12     1.0748     78.547     27.331    142.277    26.9609    20.4441    1487.82 0.0000e+00
       1515 152.397147    143.544    11.4962  31.290501     0.3173 1.0000e-12     1.0745     78.449     27.297    142.188    26.9609    20.4442    1487.82 0.0000e+00
       1516 152.397150    143.452    11.4962  31.290392     0.3194 1.0000e-12     1.0749     78.525     27.323    142.097    26.9608    20.4441    1487.82 0.0000e+00
       1517 152.397153    143.359    11.4962  31.290286     0.3161 1.0000e-12     1.0745     78.524     27.323    142.005    26.9607    20.4440    1487.82 0.0000e+00
       1518 152.397156    143.264    11.4961  31.290164     0.3144 1.0000e-12     1.0746     78.507     27.317    141.911    26.9607    20.4441    1487.82 0.0000e+00
       1519 152.397159    143.169    11.4960  31.290045     0.3103 1.0000e-12     1.0742     78.493     27.312    141.817    26.9607    20.4441    1487.82 0.0000e+00
       1520 152.397161    143.073    11.4960  31.289968     0.3182 1.0000e-12     1.0741     78.506     27.317    141.722    26.9607    20.4440    1487.81 0.0000e+00
       1521 152.397164    142.976    11.4960  31.289897     0.3165 1.0000e-12     1.0750     78.712     27.388    141.626    26.9607    20.4440    1487.81 0.0000e+00
       1522 152.397167    142.879    11.4960  31.289783     0.3210 1.0000e-12     1.0746     78.674     27.375    141.530    26.9606    20.4439    1487.81 0.0000e+00
       1523 152.397170    142.782    11.4959  31.289642     0.3128 1.0000e-12     1.0748     78.728     27.394    141.434    26.9606    20.4439    1487.81 0.0000e+00
       1524 152.397173    142.684    11.4959  31.289514     0.3128 1.0000e-12     1.0750     78.751     27.402    141.337    26.9605    20.4439    1487.81 0.0000e+00
       1525 152.397176    142.584    11.4958  31.289365     0.3161 1.0000e-12     1.0752     78.735     27.396    141.238    26.9604    20.4439    1487.80 0.0000e+00
       1526 152.397179    142.485    11.4957  31.289182     0.3219 1.0000e-12     1.0751     78.683     27.378    141.140    26.9604    20.4438    1487.80 0.0000e+00
       1527 152.397182    142.384    11.4956  31.288986     0.3099 1.0000e-12     1.0752     78.681     27.377    141.040    26.9603    20.4438    1487.80 0.0000e+00
       1528 152.397185    142.284    11.4955  31.288814     0.3074 1.0000e-12     1.0755     78.674     27.375    140.941    26.9602    20.4437    1487.80 0.0000e+00
       1529 152.397188    142.183    11.4954  31.288698     0.3074 1.0000e-12     1.0755     78.685     27.378    140.841    26.9602    20.4438    1487.80 0.0000e+00
       1530 152.397190    142.082    11.4953  31.288624     0.3050 1.0000e-12     1.0748     78.560     27.335    140.741    26.9603    20.4438    1487.79 0.0000e+00
       1531 152.397193    141.982    11.4953  31.288547     0.3079 1.0000e-12     1.0755     78.661     27.370    140.642    26.9602    20.4438    1487.79 0.0000e+00
       1532 152.397196    141.881    11.4952  31.288444     0.3132 1.0000e-12     1.0751     78.590     27.345    140.542    26.9602    20.4438    1487.79 0.0000e+00
       1533 152.397199    141.780    11.4952  31.288326     0.3120 1.0000e-12     1.0756     78.713     27.388    140.442    26.9602    20.4437    1487.79 0.0000e+00
       1534 152.397202    141.678    11.4952  31.288186     0.3140 1.0000e-12     1.0751     78.671     27.374    140.341    26.9601    20.4437    1487.79 0.0000e+00
       1535 152.397205    141.575    11.4951  31.288051     0.3107 1.0000e-12     1.0755     78.673     27.374    140.239    26.9600    20.4437    1487.78 0.0000e+00
       1536 152.397208    141.472    11.4950  31.287950     0.3128 1.0000e-12     1.0753     78.635     27.361    140.137    26.9601    20.4437    1487.78 0.0000e+00
       1537 152.397211    141.368    11.4949  31.287872     0.3144 1.0000e-12     1.0757     78.653     27.367    140.034    26.9601    20.4437    1487.78 0.0000e+00
       1538 152.397214    141.263    11.4948  31.287802     0.3169 1.0000e-12     1.0755     78.620     27.356    139.930    26.9601    20.4438    1487.78 0.0000e+00
       1539 152.397216    141.159    11.4948  31.287729     0.3144 1.0000e-12     1.0754     78.574     27.340    139.827    26.9601    20.4437    1487.78 0.0000e+00
       1540 152.397219    141.054    11.4947  31.287643     0.3066 1.0000e-12     1.0752     78.571     27.338    139.723    26.9601    20.4438    1487.78 0.0000e+00
       1541 152.397222    140.949    11.4947  31.287565     0.3099 1.0000e-12     1.0753     78.580     27.342    139.619    26.9601    20.4437    1487.77 0.0000e+00
       1542 152.397225    140.843    11.4947  31.287496     0.3054 1.0000e-12     1.0751     78.579     27.341    139.514    26.9601    20.4437    1487.77 0.0000e+00
       1543 152.397228    140.737    11.4946  31.287411     0.3066 1.0000e-12     1.0753     78.613     27.353    139.409    26.9601    20.4438    1487.77 0.0000e+00
       1544 152.397231    140.630    11.4946  31.287335     0.3149 1.0000e-12     1.0755     78.660     27.369    139.303    26.9601    20.4437    1487.77 0.0000e+00
       1545 152.397234    140.523    11.4946  31.287307     0.3074 1.0000e-12     1.0754     78.677     27.375    139.197    26.9601    20.4437    1487.77 0.0000e+00
       1546 152.397237    140.416    11.4946  31.287304     0.3099 1.0000e-12     1.0753     78.701     27.384    139.091    26.9601    20.4438    1487.76 0.0000e+00
       1547 152.397240    140.309    11.4947  31.287284     0.3177 1.0000e-12     1.0752     78.664     27.371    138.985    26.9601    20.4437    1487.76 0.0000e+00
       1548 152.397242    140.201    11.4947  31.287249     0.3116 1.0000e-12     1.0754     78.672     27.374    138.878    26.9601    20.4437    1487.76 0.0000e+00
       1549 152.397245    140.093    11.4947  31.287196     0.3120 1.0000e-12     1.0758     78.769     27.407    138.771    26.9600    20.4437    1487.76 0.0000e+00
       1550 152.397248    139.983    11.4947  31.287116     0.3116 1.0000e-12     1.0759     78.793     27.416    138.662    26.9600    20.4437    1487.76 0.0000e+00
       1551 152.397251    139.873    11.4946  31.287044     0.3074 1.0000e-12     1.0756     78.703     27.385    138.553    26.9600    20.4437    1487.76 0.0000e+00
       1552 152.397254    139.761    11.4946  31.286991     0.3107 1.0000e-12     1.0755     78.688     27.379    138.442    26.9600    20.4437    1487.75 0.0000e+00
       1553 152.397257    139.649    11.4945  31.286914     0.3124 1.0000e-12     1.0760     78.723     27.391    138.331    26.9601    20.4437    1487.75 0.0000e+00
