CTD_data_day2/sbe55_sbe19p_5262_20260601_re7pt5.cnv
* Sea-Bird SBE 19plus Data File:
* FileName = C:\Data\sbe55_sbe19p_5262\2026-06-01\sbe55_sbe19p_5262_20260601_re7073.hex
* Software Version SeatermAF 2.1.4
* Temperature SN = 5262
* Conductivity SN = 5262
* System UpLoad Time = Jun 01 2026 13:38:18 (localtime) = Jun 01 2026 13:38:18 (UTC)
* ds
* SeacatPlus V 1.6b  SERIAL NO. 5262    01 Jun 2026  13:36:26
# nquan = 15                                
# nvalues = 643                         
# units = specified
# name 0 = scan: Scan Count
# name 1 = timeJ: Julian Days
# name 2 = prdM: Pressure, Strain Gauge [db]
# name 3 = tv290C: Temperature [ITS-90, deg C]
# name 4 = c0mS/cm: Conductivity [mS/cm]
# name 5 = wetStar: Fluorescence, WET Labs WETstar [mg/m^3]
# name 6 = par: PAR/Irradiance, Biospherical/Licor [umol photons/m^2/sec]
# name 7 = sbeox0V: Oxygen raw, SBE 43 [V]
# name 8 = sbeox0Mm/L: Oxygen, SBE 43 [umol/l], WS = 2
# name 9 = sbeox0PS: Oxygen, SBE 43 [% saturation], WS = 2
# name 10 = depSM: Depth [salt water, m], lat = 56
# name 11 = sal00: Salinity, Practical [PSU]
# name 12 = sigma-é00: Density [sigma-theta, kg/m^3]
# name 13 = svCM: Sound Velocity [Chen-Millero, m/s]
# name 14 = flag: flag
# span 0 =        301,        943       
# span 1 = 152.548981, 152.550839       
# span 2 =     -0.211,     36.150       
# span 3 =    11.3438,    11.5975       
# span 4 =   2.853165,  32.378012       
# span 5 =     0.0442,     3.6874       
# span 6 = 1.0000e-12, 9.6953e+02       
# span 7 =     1.9685,     2.2056       
# span 8 =    205.557,    235.061       
# span 9 =     69.303,     82.171       
# span 10 =     -0.209,     35.818      
# span 11 =     2.0454,    28.1115      
# span 12 =     1.1564,    21.3510      
# span 13 =    1455.47,    1487.09      
# span 14 = 0.0000e+00, 0.0000e+00      
# interval = seconds: 0.25
# start_time = Jun 01 2026 13:09:17 [Instrument's time stamp, header]
# bad_flag = -9.990e-29
*END*
        301 152.548981      0.744    11.5278  28.367242     3.5552 3.4492e+02     2.1617    232.835     79.681      0.737    24.2213    18.3131    1482.32 -9.990e-29
        302 152.548984      0.744    11.5295  28.361696     3.6265 3.4559e+02     2.1618    232.850     79.685      0.737    24.2150    18.3079    1482.32 -9.990e-29
        303 152.548987      0.745    11.5312  28.354639     3.5202 3.3430e+02     2.1617    232.838     79.680      0.738    24.2072    18.3016    1482.31 -9.990e-29
        304 152.548990      0.745    11.5328  28.345915     3.6005 3.4353e+02     2.1630    233.028     79.743      0.738    24.1980    18.2942    1482.31 -9.990e-29
        305 152.548993      0.746    11.5347  28.334836     3.6244 3.4517e+02     2.1633    233.487     79.898      0.739    24.1863    18.2849    1482.30 -9.990e-29
        306 152.548996      0.747    11.5369  28.320841     3.5844 3.3666e+02     2.1649    233.630     79.943      0.740    24.1717    18.2732    1482.29 -9.990e-29
        307 152.548999      0.748    11.5397  28.303910     3.5556 3.4359e+02     2.1632    233.269     79.816      0.741    24.1540    18.2590    1482.28 -9.990e-29
        308 152.549002      0.750    11.5428  28.283754     3.6874 3.4251e+02     2.1642    233.247     79.803      0.743    24.1331    18.2423    1482.26 -9.990e-29
        309 152.549005      0.752    11.5464  28.258817     3.6112 3.3767e+02     2.1635    233.046     79.728      0.745    24.1073    18.2217    1482.25 -9.990e-29
        310 152.549008      0.755    11.5508  28.227715     3.5478 3.4017e+02     2.1636    232.996     79.702      0.748    24.0752    18.1962    1482.22 -9.990e-29
        311 152.549010      0.759    11.5562  28.193304     3.5663 3.4438e+02     2.1635    233.016     79.700      0.752    24.0394    18.1676    1482.20 -9.990e-29
        312 152.549013      0.763    11.5624  28.161505     3.6178 3.4071e+02     2.1635    232.923     79.662      0.756    24.0056    18.1403    1482.18 -9.990e-29
        313 152.549016      0.769    11.5690  28.134789     3.5568 3.3737e+02     2.1630    232.821     79.623      0.762    23.9762    18.1165    1482.17 -9.990e-29
        314 152.549019      0.777    11.5752  28.109693     3.5750 3.4705e+02     2.1630    232.748     79.596      0.770    23.9487    18.0942    1482.16 -9.990e-29
        315 152.549022      0.786    11.5810  28.085236     3.5811 3.3577e+02     2.1621    232.399     79.473      0.779    23.9220    18.0726    1482.15 -9.990e-29
        316 152.549025      0.798    11.5865  28.072242     3.6104 3.3284e+02     2.1621    232.182     79.400      0.791    23.9063    18.0595    1482.15 -9.990e-29
        317 152.549028      0.813    11.5907  28.088654     3.5169 3.4167e+02     2.1614    231.953     79.335      0.806    23.9190    18.0686    1482.18 -9.990e-29
        318 152.549031      0.832    11.5911  28.150437     3.5507 3.4742e+02     2.1611    231.713     79.283      0.824    23.9766    18.1132    1482.25 -9.990e-29
        319 152.549034      0.857    11.5849  28.247935     3.4213 3.2061e+02     2.1586    231.249     79.161      0.849    24.0721    18.1881    1482.34 0.0000e+00
        320 152.549036      0.888    11.5713  28.341625     3.3422 3.2675e+02     2.1577    231.020     79.108      0.880    24.1688    18.2653    1482.41 0.0000e+00
        321 152.549039      0.924    11.5537  28.408329     3.4196 3.2055e+02     2.1577    231.054     79.126      0.916    24.2429    18.3256    1482.44 0.0000e+00
        322 152.549042      0.966    11.5367  28.449937     3.4349 3.1541e+02     2.1566    230.887     79.065      0.957    24.2932    18.3673    1482.44 0.0000e+00
        323 152.549045      1.015    11.5228  28.471863     3.4691 3.0271e+02     2.1563    230.904     79.062      1.006    24.3229    18.3926    1482.42 0.0000e+00
        324 152.549048      1.071    11.5122  28.484301     3.4946 2.9587e+02     2.1554    230.634     78.961      1.061    24.3415    18.4088    1482.41 0.0000e+00
        325 152.549051      1.135    11.5043  28.495604     3.5140 2.8290e+02     2.1547    230.382     78.869      1.125    24.3573    18.4223    1482.40 0.0000e+00
        326 152.549054      1.205    11.4981  28.508371     3.5441 2.6994e+02     2.1528    230.023     78.743      1.194    24.3734    18.4358    1482.40 0.0000e+00
        327 152.549057      1.283    11.4929  28.528636     3.5457 2.5232e+02     2.1517    229.747     78.651      1.271    24.3958    18.4540    1482.41 0.0000e+00
        328 152.549060      1.367    11.4876  28.567923     3.5832 2.3660e+02     2.1501    229.514     78.582      1.355    24.4363    18.4863    1482.44 0.0000e+00
        329 152.549062      1.458    11.4812  28.634420     3.4654 2.2418e+02     2.1491    229.321     78.538      1.445    24.5032    18.5391    1482.50 0.0000e+00
        330 152.549065      1.555    11.4727  28.727581     3.4365 2.1003e+02     2.1478    229.200     78.529      1.541    24.5966    18.6129    1482.58 0.0000e+00
        331 152.549068      1.658    11.4612  28.834175     3.3179 1.9823e+02     2.1465    229.027     78.504      1.643    24.7048    18.6986    1482.67 0.0000e+00
        332 152.549071      1.766    11.4469  28.930081     3.2779 1.8795e+02     2.1460    228.992     78.517      1.750    24.8049    18.7785    1482.74 0.0000e+00
        333 152.549074      1.879    11.4317  29.006249     3.2717 1.7767e+02     2.1444    228.817     78.472      1.862    24.8870    18.8446    1482.79 0.0000e+00
        334 152.549077      1.997    11.4173  29.072889     3.1428 1.6801e+02     2.1442    228.816     78.483      1.979    24.9597    18.9033    1482.82 0.0000e+00
        335 152.549080      2.118    11.4043  29.136316     3.1325 1.5619e+02     2.1434    228.735     78.468      2.099    25.0284    18.9588    1482.86 0.0000e+00
        336 152.549083      2.243    11.3921  29.191306     2.9529 1.4546e+02     2.1424    228.655     78.450      2.223    25.0887    19.0075    1482.89 0.0000e+00
        337 152.549086      2.370    11.3809  29.231358     2.9998 1.3580e+02     2.1419    228.759     78.489      2.348    25.1342    19.0446    1482.91 0.0000e+00
        338 152.549089      2.499    11.3715  29.258166     2.8902 1.2611e+02     2.1407    228.610     78.437      2.476    25.1660    19.0708    1482.92 0.0000e+00
        339 152.549091      2.628    11.3642  29.276683     2.9055 1.1687e+02     2.1403    228.641     78.447      2.604    25.1885    19.0894    1482.92 0.0000e+00
        340 152.549094      2.759    11.3588  29.290202     2.7934 1.0939e+02     2.1403    228.695     78.464      2.734    25.2049    19.1030    1482.92 0.0000e+00
        341 152.549097      2.891    11.3548  29.301018     2.8820 1.0252e+02     2.1405    228.798     78.499      2.865    25.2179    19.1137    1482.92 0.0000e+00
        342 152.549100      3.023    11.3520  29.310578     2.8799 9.3759e+01     2.1392    228.682     78.460      2.995    25.2288    19.1227    1482.93 0.0000e+00
        343 152.549103      3.155    11.3500  29.318805     2.8408 8.9569e+01     2.1389    228.679     78.460      3.126    25.2379    19.1301    1482.94 0.0000e+00
        344 152.549106      3.288    11.3485  29.325154     2.7975 8.2319e+01     2.1382    228.545     78.415      3.258    25.2449    19.1358    1482.94 0.0000e+00
        345 152.549109      3.422    11.3475  29.331153     2.8136 8.0969e+01     2.1384    228.629     78.445      3.391    25.2512    19.1408    1482.95 0.0000e+00
        346 152.549112      3.556    11.3470  29.338524     2.7802 7.4546e+01     2.1380    228.722     78.480      3.524    25.2585    19.1466    1482.96 0.0000e+00
        347 152.549115      3.691    11.3467  29.346076     2.7959 6.9506e+01     2.1382    228.802     78.511      3.657    25.2659    19.1523    1482.97 0.0000e+00
        348 152.549117      3.825    11.3467  29.352156     2.8758 6.7021e+01     2.1372    228.778     78.505      3.790    25.2716    19.1567    1482.98 0.0000e+00
        349 152.549120      3.959    11.3467  29.357086     2.7629 6.3732e+01     2.1375    228.888     78.545      3.923    25.2762    19.1603    1482.98 0.0000e+00
        350 152.549123      4.093    11.3467  29.361792     2.7588 6.0276e+01     2.1377    228.995     78.584      4.056    25.2806    19.1638    1482.99 0.0000e+00
        351 152.549126      4.227    11.3466  29.366836     2.8078 5.6766e+01     2.1375    229.092     78.620      4.188    25.2855    19.1675    1483.00 0.0000e+00
        352 152.549129      4.360    11.3464  29.372775     2.7893 5.3507e+01     2.1382    229.329     78.704      4.320    25.2912    19.1720    1483.01 0.0000e+00
        353 152.549132      4.494    11.3463  29.380617     2.7955 5.0613e+01     2.1383    229.311     78.701      4.453    25.2987    19.1778    1483.02 0.0000e+00
        354 152.549135      4.628    11.3462  29.393077     2.8391 4.7901e+01     2.1382    229.355     78.722      4.586    25.3105    19.1870    1483.03 0.0000e+00
        355 152.549138      4.762    11.3461  29.414862     2.8272 4.5277e+01     2.1392    229.582     78.810      4.719    25.3312    19.2031    1483.06 0.0000e+00
        356 152.549141      4.896    11.3461  29.452048     2.7122 4.2542e+01     2.1394    229.588     78.830      4.851    25.3665    19.2304    1483.10 0.0000e+00
        357 152.549144      5.029    11.3460  29.508171     2.6179 4.1719e+01     2.1390    229.480     78.819      4.983    25.4198    19.2718    1483.17 0.0000e+00
        358 152.549146      5.162    11.3460  29.576352     2.6097 3.9580e+01     2.1402    229.596     78.891      5.115    25.4845    19.3220    1483.25 0.0000e+00
        359 152.549149      5.294    11.3462  29.646849     2.4716 3.7471e+01     2.1411    229.559     78.912      5.246    25.5513    19.3737    1483.33 0.0000e+00
        360 152.549152      5.426    11.3463  29.716201     2.3456 3.5587e+01     2.1412    229.440     78.904      5.377    25.6171    19.4247    1483.41 0.0000e+00
        361 152.549155      5.558    11.3464  29.777895     2.3229 3.3242e+01     2.1412    229.335     78.897      5.507    25.6757    19.4701    1483.49 0.0000e+00
        362 152.549158      5.689    11.3462  29.825258     2.2611 3.2103e+01     2.1420    229.232     78.884      5.637    25.7208    19.5051    1483.54 0.0000e+00
        363 152.549161      5.820    11.3459  29.859900     2.2038 3.0040e+01     2.1418    229.152     78.873      5.767    25.7540    19.5309    1483.58 0.0000e+00
        364 152.549164      5.950    11.3456  29.886121     2.2422 2.8761e+01     2.1418    229.232     78.912      5.896    25.7791    19.5504    1483.61 0.0000e+00
        365 152.549167      6.081    11.3453  29.906838     2.2199 2.7222e+01     2.1424    229.427     78.989      6.026    25.7989    19.5659    1483.64 0.0000e+00
        366 152.549170      6.211    11.3450  29.924208     2.1701 2.5916e+01     2.1421    229.419     78.994      6.154    25.8156    19.5789    1483.66 0.0000e+00
        367 152.549172      6.341    11.3448  29.941195     2.0864 2.4983e+01     2.1431    229.642     79.078      6.283    25.8319    19.5915    1483.68 0.0000e+00
        368 152.549175      6.472    11.3446  29.959950     2.0802 2.4003e+01     2.1441    229.877     79.168      6.413    25.8498    19.6054    1483.70 0.0000e+00
        369 152.549178      6.602    11.3443  29.980353     2.0423 2.3094e+01     2.1450    230.083     79.248      6.542    25.8694    19.6207    1483.73 0.0000e+00
        370 152.549181      6.732    11.3441  30.003205     2.1581 2.2001e+01     2.1450    230.254     79.318      6.671    25.8913    19.6377    1483.76 0.0000e+00
        371 152.549184      6.862    11.3440  30.031686     2.0955 2.0989e+01     2.1455    230.426     79.391      6.799    25.9184    19.6587    1483.79 0.0000e+00
        372 152.549187      6.993    11.3439  30.070177     1.9954 2.0041e+01     2.1468    230.752     79.521      6.929    25.9551    19.6872    1483.84 0.0000e+00
        373 152.549190      7.123    11.3438  30.123564     1.9443 1.9028e+01     2.1479    231.094     79.665      7.058    26.0060    19.7267    1483.90 0.0000e+00
        374 152.549193      7.253    11.3440  30.189404     1.9542 1.8120e+01     2.1498    231.633     79.882      7.187    26.0685    19.7751    1483.98 0.0000e+00
        375 152.549196      7.383    11.3445  30.254819     1.9377 1.7222e+01     2.1513    231.995     80.040      7.316    26.1305    19.8231    1484.05 0.0000e+00
        376 152.549198      7.513    11.3458  30.311306     1.8326 1.6426e+01     2.1530    232.350     80.191      7.444    26.1833    19.8639    1484.12 0.0000e+00
        377 152.549201      7.642    11.3480  30.360949     1.8038 1.5680e+01     2.1550    232.750     80.356      7.572    26.2291    19.8990    1484.19 0.0000e+00
        378 152.549204      7.771    11.3514  30.408786     1.7956 1.5072e+01     2.1578    233.219     80.546      7.700    26.2722    19.9319    1484.25 0.0000e+00
        379 152.549207      7.900    11.3559  30.459199     1.8343 1.4370e+01     2.1596    233.535     80.686      7.828    26.3171    19.9659    1484.33 0.0000e+00
        380 152.549210      8.029    11.3617  30.516171     1.7568 1.4081e+01     2.1621    233.876     80.839      7.956    26.3672    20.0038    1484.41 0.0000e+00
        381 152.549213      8.158    11.3688  30.583924     1.7737 1.3448e+01     2.1646    234.150     80.977      8.084    26.4267    20.0488    1484.51 0.0000e+00
        382 152.549216      8.287    11.3771  30.669385     1.7828 1.2885e+01     2.1672    234.307     81.085      8.211    26.5023    20.1060    1484.63 0.0000e+00
        383 152.549219      8.417    11.3869  30.780062     1.7857 1.2275e+01     2.1696    234.326     81.159      8.340    26.6008    20.1808    1484.78 0.0000e+00
        384 152.549222      8.547    11.3979  30.913768     1.7169 1.1740e+01     2.1720    234.240     81.210      8.469    26.7205    20.2717    1484.97 0.0000e+00
        385 152.549225      8.676    11.4098  31.054371     1.7016 1.1250e+01     2.1745    234.127     81.256      8.597    26.8461    20.3671    1485.16 0.0000e+00
        386 152.549227      8.805    11.4210  31.186711     1.5854 1.0776e+01     2.1762    233.904     81.259      8.725    26.9643    20.4569    1485.35 0.0000e+00
        387 152.549230      8.934    11.4297  31.306555     1.6386 1.0379e+01     2.1772    233.559     81.210      8.853    27.0724    20.5392    1485.51 0.0000e+00
        388 152.549233      9.063    11.4346  31.410593     1.6287 9.9470e+00     2.1790    233.490     81.244      8.980    27.1682    20.6127    1485.64 0.0000e+00
        389 152.549236      9.191    11.4356  31.494818     1.4894 9.6109e+00     2.1804    233.427     81.265      9.107    27.2479    20.6744    1485.74 0.0000e+00
        390 152.549239      9.320    11.4336  31.560315     1.4787 9.1212e+00     2.1817    233.485     81.314      9.235    27.3120    20.7244    1485.82 0.0000e+00
        391 152.549242      9.449    11.4299  31.611286     1.4412 8.7846e+00     2.1821    233.430     81.315      9.363    27.3634    20.7649    1485.87 0.0000e+00
        392 152.549245      9.579    11.4256  31.651262     1.4429 8.6041e+00     2.1843    233.552     81.371      9.492    27.4048    20.7977    1485.90 0.0000e+00
        393 152.549248      9.709    11.4216  31.682945     1.3654 8.2220e+00     2.1852    233.599     81.398      9.620    27.4380    20.8242    1485.93 0.0000e+00
        394 152.549251      9.840    11.4182  31.708200     1.3757 7.8832e+00     2.1865    233.652     81.424      9.750    27.4647    20.8455    1485.95 0.0000e+00
        395 152.549253      9.971    11.4156  31.727829     1.4256 7.5502e+00     2.1872    233.703     81.448      9.880    27.4854    20.8619    1485.97 0.0000e+00
        396 152.549256     10.102    11.4136  31.743366     1.4141 7.2762e+00     2.1876    233.653     81.435     10.010    27.5017    20.8749    1485.98 0.0000e+00
