CTD_data_day2/sbe55_sbe19p_5262_20260601_re5.cnv
* Sea-Bird SBE 19plus Data File:
* FileName = C:\Data\sbe55_sbe19p_5262\2026-06-01\sbe55_sbe19p_5262_20260601_re5069.hex
* Software Version SeatermAF 2.1.4
* Temperature SN = 5262
* Conductivity SN = 5262
* System UpLoad Time = Jun 01 2026 09:59:08 (localtime) = Jun 01 2026 09:59:08 (UTC)
* ds
* SeacatPlus V 1.6b  SERIAL NO. 5262    01 Jun 2026  09:58:16
# nquan = 15                                
# nvalues = 2337                        
# units = specified
# name 0 = scan: Scan Count
# name 1 = timeJ: Julian Days
# name 2 = prdM: Pressure, Strain Gauge [db]
# name 3 = tv290C: Temperature [ITS-90, deg C]
# name 4 = c0mS/cm: Conductivity [mS/cm]
# name 5 = wetStar: Fluorescence, WET Labs WETstar [mg/m^3]
# name 6 = par: PAR/Irradiance, Biospherical/Licor [umol photons/m^2/sec]
# name 7 = sbeox0V: Oxygen raw, SBE 43 [V]
# name 8 = sbeox0Mm/L: Oxygen, SBE 43 [umol/l], WS = 2
# name 9 = sbeox0PS: Oxygen, SBE 43 [% saturation], WS = 2
# name 10 = depSM: Depth [salt water, m], lat = 56
# name 11 = sal00: Salinity, Practical [PSU]
# name 12 = sigma-é00: Density [sigma-theta, kg/m^3]
# name 13 = svCM: Sound Velocity [Chen-Millero, m/s]
# name 14 = flag: flag
# span 0 =        301,       2637       
# span 1 = 152.393634, 152.400394       
# span 2 =     -0.234,    144.704       
# span 3 =    10.2173,    13.2006       
# span 4 =   3.228305,  31.292872       
# span 5 =     0.0343,     4.8064       
# span 6 = 1.0000e-12, 9.1171e+02       
# span 7 =     1.0723,     2.2886       
# span 8 =     78.062,    253.241       
# span 9 =     27.162,     85.760       
# span 10 =     -0.232,    143.337      
# span 11 =     2.2848,    26.9621      
# span 12 =     1.2532,    20.4450      
# span 13 =    1458.63,    1487.85      
# span 14 = 0.0000e+00, 0.0000e+00      
# interval = seconds: 0.25
# start_time = Jun 01 2026 09:25:35 [Instrument's time stamp, header]
# bad_flag = -9.990e-29
*END*
[from data line 290]
        591 152.394473     25.101    10.5506  29.434575     0.3528 1.0000e-12     2.0446    219.141     74.198     24.871    25.8972    19.7707    1481.21 0.0000e+00
        592 152.394476     25.246    10.5599  29.443144     0.3548 1.0000e-12     2.0452    219.244     74.249     25.015    25.8989    19.7705    1481.24 0.0000e+00
        593 152.394479     25.390    10.5677  29.450471     0.3577 1.4525e-05     2.0437    219.058     74.199     25.157    25.9004    19.7705    1481.28 0.0000e+00
        594 152.394482     25.534    10.5741  29.456631     0.3635 1.0000e-12     2.0442    219.109     74.228     25.300    25.9018    19.7705    1481.30 0.0000e+00
        595 152.394485     25.678    10.5794  29.461997     0.3577 1.0000e-12     2.0442    219.199     74.268     25.443    25.9032    19.7708    1481.33 0.0000e+00
        596 152.394488     25.822    10.5836  29.467110     0.3709 1.4525e-05     2.0447    219.313     74.314     25.585    25.9051    19.7716    1481.35 0.0000e+00
        597 152.394491     25.966    10.5872  29.472217     0.3602 4.4503e-05     2.0447    219.354     74.335     25.728    25.9075    19.7729    1481.37 0.0000e+00
        598 152.394494     26.111    10.5906  29.477568     0.3668 1.4525e-05     2.0440    219.184     74.284     25.872    25.9102    19.7745    1481.38 0.0000e+00
        599 152.394497     26.256    10.5941  29.483274     0.3618 1.0000e-12     2.0446    219.264     74.318     26.015    25.9132    19.7763    1481.40 0.0000e+00
        600 152.394499     26.401    10.5976  29.488813     0.3800 1.0000e-12     2.0449    219.276     74.329     26.159    25.9160    19.7779    1481.42 0.0000e+00
        601 152.394502     26.546    10.6011  29.493689     0.3795 1.0000e-12     2.0442    219.107     74.279     26.303    25.9182    19.7791    1481.44 0.0000e+00
        602 152.394505     26.691    10.6038  29.497932     0.3676 1.0000e-12     2.0446    219.064     74.269     26.446    25.9204    19.7803    1481.45 0.0000e+00
        603 152.394508     26.837    10.6054  29.500881     0.3598 1.4525e-05     2.0449    218.938     74.230     26.591    25.9220    19.7814    1481.46 0.0000e+00
        604 152.394511     26.984    10.6051  29.501732     0.3643 1.0000e-12     2.0448    218.829     74.193     26.737    25.9230    19.7822    1481.47 0.0000e+00
        605 152.394514     27.131    10.6025  29.502672     0.3532 2.9513e-05     2.0439    218.654     74.131     26.882    25.9257    19.7847    1481.46 0.0000e+00
        606 152.394517     27.279    10.5989  29.508646     0.3495 5.9496e-05     2.0433    218.445     74.058     27.029    25.9340    19.7917    1481.46 0.0000e+00
        607 152.394520     27.428    10.5974  29.520763     0.3631 1.0000e-12     2.0430    218.247     73.995     27.177    25.9468    19.8019    1481.47 0.0000e+00
        608 152.394523     27.577    10.6002  29.534037     0.3602 4.4503e-05     2.0427    218.086     73.950     27.324    25.9576    19.8098    1481.50 0.0000e+00
        609 152.394525     27.726    10.6068  29.544692     0.3750 1.0000e-12     2.0423    217.882     73.894     27.472    25.9632    19.8131    1481.53 0.0000e+00
        610 152.394528     27.875    10.6144  29.552420     0.3841 1.0000e-12     2.0417    217.570     73.801     27.619    25.9652    19.8135    1481.57 0.0000e+00
        611 152.394531     28.024    10.6211  29.557484     0.3878 1.0000e-12     2.0404    217.193     73.684     27.767    25.9653    19.8125    1481.59 0.0000e+00
        612 152.394534     28.174    10.6259  29.560241     0.3837 1.0000e-12     2.0396    216.929     73.602     27.916    25.9645    19.8112    1481.61 0.0000e+00
        613 152.394537     28.323    10.6285  29.560725     0.3804 1.0000e-12     2.0382    216.638     73.507     28.063    25.9631    19.8097    1481.62 0.0000e+00
        614 152.394540     28.472    10.6289  29.558314     0.3697 1.0000e-12     2.0368    216.458     73.445     28.211    25.9604    19.8075    1481.62 0.0000e+00
        615 152.394543     28.622    10.6267  29.552960     0.3676 1.0000e-12     2.0361    216.474     73.445     28.360    25.9568    19.8050    1481.61 0.0000e+00
        616 152.394546     28.772    10.6219  29.546020     0.3709 1.0000e-12     2.0350    216.501     73.445     28.508    25.9534    19.8032    1481.59 0.0000e+00
        617 152.394549     28.921    10.6150  29.538882     0.3618 1.0000e-12     2.0339    216.611     73.470     28.656    25.9513    19.8026    1481.57 0.0000e+00
        618 152.394552     29.071    10.6069  29.531520     0.3474 4.4503e-05     2.0333    216.763     73.508     28.804    25.9499    19.8028    1481.54 0.0000e+00
        619 152.394554     29.220    10.5982  29.522804     0.3540 1.0000e-12     2.0327    216.833     73.517     28.952    25.9476    19.8024    1481.51 0.0000e+00
        620 152.394557     29.370    10.5887  29.511461     0.3363 1.0000e-12     2.0327    217.109     73.593     29.101    25.9432    19.8005    1481.47 0.0000e+00
        621 152.394560     29.519    10.5774  29.496761     0.3247 2.9513e-05     2.0326    217.272     73.627     29.248    25.9370    19.7974    1481.42 0.0000e+00
        622 152.394563     29.669    10.5631  29.480167     0.3182 4.4503e-05     2.0322    217.461     73.665     29.397    25.9310    19.7950    1481.37 0.0000e+00
        623 152.394566     29.818    10.5461  29.465343     0.3132 1.0000e-12     2.0315    217.631     73.694     29.545    25.9286    19.7958    1481.30 0.0000e+00
        624 152.394569     29.967    10.5283  29.454905     0.3107 1.0000e-12     2.0323    217.986     73.787     29.692    25.9310    19.8005    1481.25 0.0000e+00
        625 152.394572     30.115    10.5126  29.449259     0.3074 1.0000e-12     2.0315    218.148     73.819     29.839    25.9366    19.8074    1481.20 0.0000e+00
        626 152.394575     30.263    10.5009  29.448401     0.3021 1.0000e-12     2.0326    218.540     73.936     29.985    25.9441    19.8150    1481.17 0.0000e+00
        627 152.394578     30.411    10.4937  29.453211     0.3037 1.0000e-12     2.0332    218.703     73.984     30.132    25.9538    19.8237    1481.15 0.0000e+00
        628 152.394580     30.558    10.4915  29.465001     0.3025 1.0000e-12     2.0336    218.644     73.967     30.278    25.9668    19.8341    1481.16 0.0000e+00
        629 152.394583     30.706    10.4949  29.483535     0.3079 1.0000e-12     2.0344    218.539     73.944     30.424    25.9823    19.8457    1481.20 0.0000e+00
        630 152.394586     30.855    10.5041  29.505651     0.3235 1.0000e-12     2.0347    218.142     73.831     30.572    25.9972    19.8558    1481.25 0.0000e+00
        631 152.394589     31.003    10.5180  29.526203     0.3231 1.0000e-12     2.0343    217.721     73.716     30.719    26.0072    19.8614    1481.32 0.0000e+00
        632 152.394592     31.150    10.5338  29.541416     0.3375 1.0000e-12     2.0339    217.186     73.562     30.864    26.0107    19.8616    1481.38 0.0000e+00
        633 152.394595     31.298    10.5480  29.551443     0.3388 1.0000e-12     2.0327    216.490     73.349     31.011    26.0103    19.8591    1481.43 0.0000e+00
        634 152.394598     31.445    10.5587  29.558566     0.3511 1.0000e-12     2.0317    215.884     73.161     31.156    26.0095    19.8568    1481.47 0.0000e+00
        635 152.394601     31.593    10.5661  29.564825     0.3445 1.0000e-12     2.0314    215.420     73.016     31.303    26.0103    19.8562    1481.50 0.0000e+00
        636 152.394604     31.741    10.5711  29.571584     0.3379 1.0000e-12     2.0291    214.689     72.777     31.450    26.0132    19.8577    1481.53 0.0000e+00
        637 152.394606     31.889    10.5750  29.578131     0.3416 1.0000e-12     2.0269    213.972     72.542     31.596    26.0168    19.8598    1481.55 0.0000e+00
        638 152.394609     32.037    10.5782  29.581748     0.3371 1.4525e-05     2.0247    213.321     72.327     31.743    26.0179    19.8603    1481.57 0.0000e+00
        639 152.394612     32.185    10.5799  29.580919     0.3268 1.0000e-12     2.0222    212.725     72.126     31.890    26.0159    19.8584    1481.57 0.0000e+00
        640 152.394615     32.334    10.5790  29.575672     0.3219 5.9496e-05     2.0197    212.331     71.989     32.037    26.0114    19.8550    1481.57 0.0000e+00
        641 152.394618     32.482    10.5744  29.565889     0.3182 1.0000e-12     2.0165    211.904     71.835     32.184    26.0051    19.8509    1481.54 0.0000e+00
        642 152.394621     32.631    10.5656  29.550710     0.3021 1.0000e-12     2.0143    211.716     71.753     32.332    25.9966    19.8457    1481.50 0.0000e+00
        643 152.394624     32.782    10.5522  29.530736     0.2934 1.0000e-12     2.0119    211.544     71.669     32.481    25.9867    19.8401    1481.45 0.0000e+00
        644 152.394627     32.933    10.5342  29.510305     0.2901 1.0000e-12     2.0094    211.438     71.602     32.631    25.9796    19.8374    1481.37 0.0000e+00
        645 152.394630     33.084    10.5135  29.493372     0.2811 1.0000e-12     2.0073    211.539     71.603     32.780    25.9778    19.8393    1481.30 0.0000e+00
        646 152.394633     33.236    10.4933  29.480500     0.2745 1.4525e-05     2.0054    211.390     71.521     32.931    25.9796    19.8438    1481.23 0.0000e+00
        647 152.394635     33.387    10.4759  29.471156     0.2646 1.0000e-12     2.0030    211.132     71.408     33.081    25.9829    19.8491    1481.17 0.0000e+00
        648 152.394638     33.539    10.4621  29.464845     0.2650 2.9513e-05     2.0014    210.940     71.323     33.231    25.9865    19.8541    1481.13 0.0000e+00
        649 152.394641     33.690    10.4516  29.460703     0.2617 1.0000e-12     2.0009    210.844     71.276     33.381    25.9899    19.8584    1481.10 0.0000e+00
        650 152.394644     33.842    10.4441  29.457868     0.2720 1.0000e-12     1.9972    210.345     71.097     33.531    25.9924    19.8615    1481.08 0.0000e+00
        651 152.394647     33.993    10.4386  29.455717     0.2737 1.0000e-12     1.9949    210.127     71.015     33.681    25.9942    19.8638    1481.06 0.0000e+00
        652 152.394650     34.145    10.4343  29.453789     0.2613 1.0000e-12     1.9927    209.968     70.955     33.831    25.9953    19.8653    1481.05 0.0000e+00
        653 152.394653     34.297    10.4305  29.451893     0.2531 1.0000e-12     1.9905    209.813     70.897     33.982    25.9961    19.8665    1481.04 0.0000e+00
        654 152.394656     34.449    10.4266  29.450192     0.2568 2.9513e-05     1.9892    209.989     70.951     34.133    25.9972    19.8680    1481.03 0.0000e+00
        655 152.394659     34.600    10.4226  29.449111     0.2539 2.9513e-05     1.9880    210.140     70.997     34.282    25.9990    19.8700    1481.02 0.0000e+00
        656 152.394661     34.752    10.4188  29.448841     0.2493 1.0000e-12     1.9872    210.339     71.059     34.433    26.0014    19.8724    1481.01 0.0000e+00
        657 152.394664     34.903    10.4156  29.449121     0.2576 1.4525e-05     1.9853    210.419     71.082     34.582    26.0039    19.8749    1481.00 0.0000e+00
        658 152.394667     35.054    10.4129  29.449564     0.2551 1.4525e-05     1.9841    210.627     71.149     34.732    26.0062    19.8771    1481.00 0.0000e+00
        659 152.394670     35.205    10.4109  29.450055     0.2448 1.0000e-12     1.9841    211.014     71.278     34.882    26.0080    19.8788    1481.00 0.0000e+00
        660 152.394673     35.356    10.4094  29.450734     0.2477 1.0000e-12     1.9836    211.418     71.413     35.031    26.0097    19.8804    1480.99 0.0000e+00
        661 152.394676     35.508    10.4085  29.451870     0.2432 1.0000e-12     1.9840    212.007     71.611     35.182    26.0114    19.8818    1481.00 0.0000e+00
        662 152.394679     35.659    10.4082  29.453767     0.2576 1.0000e-12     1.9849    212.511     71.782     35.331    26.0134    19.8834    1481.00 0.0000e+00
        663 152.394682     35.809    10.4087  29.456907     0.2518 1.0000e-12     1.9852    212.832     71.892     35.480    26.0160    19.8854    1481.01 0.0000e+00
        664 152.394685     35.959    10.4101  29.462124     0.2489 1.0000e-12     1.9867    213.297     72.053     35.629    26.0201    19.8883    1481.02 0.0000e+00
        665 152.394688     36.109    10.4129  29.470401     0.2605 1.0000e-12     1.9880    213.577     72.155     35.777    26.0261    19.8926    1481.04 0.0000e+00
        666 152.394690     36.258    10.4178  29.482100     0.2687 1.4525e-05     1.9889    213.766     72.230     35.925    26.0339    19.8979    1481.07 0.0000e+00
        667 152.394693     36.408    10.4253  29.496125     0.2741 1.0000e-12     1.9903    213.832     72.268     36.074    26.0422    19.9032    1481.11 0.0000e+00
        668 152.394696     36.557    10.4354  29.511034     0.2778 1.0000e-12     1.9916    213.840     72.290     36.221    26.0494    19.9072    1481.16 0.0000e+00
        669 152.394699     36.707    10.4474  29.526743     0.2864 1.0000e-12     1.9925    213.661     72.252     36.370    26.0561    19.9105    1481.21 0.0000e+00
        670 152.394702     36.856    10.4609  29.543549     0.3025 1.0000e-12     1.9940    213.725     72.298     36.517    26.0627    19.9136    1481.27 0.0000e+00
        671 152.394705     37.006    10.4756  29.561309     0.3021 1.0000e-12     1.9934    213.310     72.184     36.666    26.0695    19.9165    1481.34 0.0000e+00
        672 152.394708     37.154    10.4912  29.579048     0.3120 1.0000e-12     1.9948    213.310     72.211     36.813    26.0755    19.9188    1481.40 0.0000e+00
        673 152.394711     37.303    10.5073  29.594137     0.3194 1.0000e-12     1.9940    212.825     72.074     36.960    26.0786    19.9187    1481.47 0.0000e+00
        674 152.394714     37.451    10.5223  29.604467     0.3210 1.4525e-05     1.9960    213.118     72.197     37.107    26.0779    19.9158    1481.52 0.0000e+00
        675 152.394716     37.600    10.5345  29.610429     0.3264 1.0000e-12     1.9950    212.928     72.151     37.254    26.0750    19.9115    1481.57 0.0000e+00
        676 152.394719     37.748    10.5432  29.613340     0.3210 1.0000e-12     1.9962    213.051     72.205     37.401    26.0715    19.9075    1481.60 0.0000e+00
        677 152.394722     37.896    10.5486  29.614135     0.3198 1.0000e-12     1.9942    212.803     72.128     37.548    26.0684    19.9042    1481.61 0.0000e+00
        678 152.394725     38.044    10.5512  29.613716     0.3157 2.9513e-05     1.9977    213.189     72.262     37.694    26.0661    19.9020    1481.62 0.0000e+00
        679 152.394728     38.192    10.5520  29.612733     0.3268 1.0000e-12     1.9964    213.258     72.285     37.841    26.0645    19.9007    1481.63 0.0000e+00
        680 152.394731     38.339    10.5516  29.611097     0.3239 1.0000e-12     1.9975    213.588     72.396     37.987    26.0631    19.8997    1481.63 0.0000e+00
        681 152.394734     38.486    10.5504  29.608660     0.3116 1.0000e-12     1.9976    213.878     72.492     38.132    26.0616    19.8987    1481.62 0.0000e+00
        682 152.394737     38.633    10.5484  29.606175     0.3140 1.0000e-12     1.9974    213.839     72.475     38.278    26.0605    19.8982    1481.62 0.0000e+00
        683 152.394740     38.780    10.5459  29.604632     0.3132 1.0000e-12     1.9998    214.467     72.684     38.424    26.0608    19.8988    1481.61 0.0000e+00
        684 152.394742     38.928    10.5437  29.604394     0.3066 2.9513e-05     2.0010    214.749     72.776     38.570    26.0621    19.9001    1481.61 0.0000e+00
        685 152.394745     39.077    10.5423  29.605827     0.3021 1.0000e-12     2.0021    214.954     72.845     38.718    26.0644    19.9021    1481.61 0.0000e+00
